"ons_region_name","age","year","internal_in","internal_out","international_in","international_out","population","international_net","internal_net"
"East Midlands",0,2002,3459,2970,155,107,44921,48,489
"East Midlands",0,2003,3459,2983,171,105,45983,66,476
"East Midlands",0,2004,3400,3138,205,134,47981,71,262
"East Midlands",0,2005,3163,2850,201,94,48473,107,313
"East Midlands",0,2006,3424,3136,220,147,50286,73,288
"East Midlands",0,2007,3752,3431,351,184,51647,167,321
"East Midlands",0,2008,3690,3356,189,126,53927,63,334
"East Midlands",0,2009,3481,3320,112,67,53341,45,161
"East Midlands",0,2010,3875,3531,126,62,54140,64,344
"East Midlands",0,2011,3748,3484,236,92,54848,144,264
"East Midlands",0,2012,1616,1637,312,67,55849,245,-21
"East Midlands",0,2013,1646,1637,237,83,54062,154,9
"East Midlands",1,2002,3396,2868,151,104,45459,47,528
"East Midlands",1,2003,3378,2895,170,99,45477,71,483
"East Midlands",1,2004,3351,2905,191,133,46434,58,446
"East Midlands",1,2005,3050,2732,185,93,48306,92,318
"East Midlands",1,2006,3274,2926,205,134,48871,71,348
"East Midlands",1,2007,3605,3187,325,178,51001,147,418
"East Midlands",1,2008,3411,3094,173,126,52080,47,317
"East Midlands",1,2009,3341,3061,104,62,54241,42,280
"East Midlands",1,2010,3565,3193,121,55,53616,66,372
"East Midlands",1,2011,3481,3182,214,78,54145,136,299
"East Midlands",1,2012,4150,3807,373,64,55476,309,343
"East Midlands",1,2013,3967,3622,371,81,56460,290,345
"East Midlands",2,2002,3583,3117,161,115,47124,46,466
"East Midlands",2,2003,3286,2812,182,111,46141,71,474
"East Midlands",2,2004,3143,2701,204,135,46019,69,442
"East Midlands",2,2005,2908,2584,191,93,46851,98,324
"East Midlands",2,2006,3116,2840,214,138,48621,76,276
"East Midlands",2,2007,3313,3065,341,179,49262,162,248
"East Midlands",2,2008,3278,2963,186,121,51571,65,315
"East Midlands",2,2009,3012,2840,114,72,52399,42,172
"East Midlands",2,2010,3390,3130,129,76,54574,53,260
"East Midlands",2,2011,3281,3082,235,85,53827,150,199
"East Midlands",2,2012,3753,3462,353,81,54706,272,291
"East Midlands",2,2013,3905,3436,412,66,56288,346,469
"East Midlands",3,2002,3341,2774,130,96,49087,34,567
"East Midlands",3,2003,3015,2624,154,89,47765,65,391
"East Midlands",3,2004,2841,2535,182,124,46658,58,306
"East Midlands",3,2005,2471,2306,168,80,46318,88,165
"East Midlands",3,2006,2780,2457,195,123,47234,72,323
"East Midlands",3,2007,3023,2710,292,164,49047,128,313
"East Midlands",3,2008,2837,2565,173,115,49598,58,272
"East Midlands",3,2009,2745,2499,101,55,52045,46,246
"East Midlands",3,2010,2987,2706,117,56,52853,61,281
"East Midlands",3,2011,2981,2724,207,74,54994,133,257
"East Midlands",3,2012,3289,2995,284,106,54305,178,294
"East Midlands",3,2013,3499,3076,317,95,55351,222,423
"East Midlands",4,2002,3027,2558,130,99,49894,31,469
"East Midlands",4,2003,2834,2499,149,90,49750,59,335
"East Midlands",4,2004,2788,2417,179,119,48387,60,371
"East Midlands",4,2005,2448,2176,159,93,47145,66,272
"East Midlands",4,2006,2315,2146,180,117,46588,63,169
"East Midlands",4,2007,2637,2380,297,159,47613,138,257
"East Midlands",4,2008,2562,2280,162,106,49370,56,282
"East Midlands",4,2009,2364,2282,98,60,49728,38,82
"East Midlands",4,2010,2628,2506,114,62,52410,52,122
"East Midlands",4,2011,2597,2444,200,76,53238,124,153
"East Midlands",4,2012,3007,2729,314,103,55487,211,278
"East Midlands",4,2013,3014,2736,333,73,54853,260,278
"East Midlands",5,2002,2678,2329,120,74,51254,46,349
"East Midlands",5,2003,2579,2224,119,50,50551,69,355
"East Midlands",5,2004,2485,2262,201,103,50349,98,223
"East Midlands",5,2005,2146,1900,75,108,48817,-33,246
"East Midlands",5,2006,2067,1863,78,81,47496,-3,204
"East Midlands",5,2007,2147,1958,225,128,46913,97,189
"East Midlands",5,2008,2109,1905,138,77,47856,61,204
"East Midlands",5,2009,2089,1986,155,44,49577,111,103
"East Midlands",5,2010,2073,1935,142,63,49952,79,138
"East Midlands",5,2011,2156,2067,107,76,52717,31,89
"East Midlands",5,2012,2392,2229,292,90,53606,202,163
"East Midlands",5,2013,2367,2219,270,66,55838,204,148
"East Midlands",6,2002,2583,2268,109,63,51343,46,315
"East Midlands",6,2003,2456,2181,113,44,51809,69,275
"East Midlands",6,2004,2352,2178,184,105,50941,79,174
"East Midlands",6,2005,2105,1906,62,97,50788,-35,199
"East Midlands",6,2006,1949,1833,75,86,49125,-11,116
"East Midlands",6,2007,2055,1834,215,113,47974,102,221
"East Midlands",6,2008,1909,1704,128,66,47226,62,205
"East Midlands",6,2009,1796,1707,141,36,48048,105,89
"East Midlands",6,2010,1937,1823,130,57,49747,73,114
"East Midlands",6,2011,2003,1808,99,72,50161,27,195
"East Midlands",6,2012,2205,2055,233,77,53028,156,150
"East Midlands",6,2013,2178,1999,267,73,53985,194,179
"East Midlands",7,2002,2528,2077,113,62,52281,51,451
"East Midlands",7,2003,2431,2048,107,38,52021,69,383
"East Midlands",7,2004,2311,2096,199,100,52351,99,215
"East Midlands",7,2005,1986,1818,71,103,51266,-32,168
"East Midlands",7,2006,1989,1765,80,79,51282,1,224
"East Midlands",7,2007,2106,1897,219,110,49647,109,209
"East Midlands",7,2008,1860,1673,132,68,48390,64,187
"East Midlands",7,2009,1732,1696,146,42,47420,104,36
"East Midlands",7,2010,1724,1616,139,55,48226,84,108
"East Midlands",7,2011,1876,1686,98,73,49942,25,190
"East Midlands",7,2012,2059,1904,192,50,50463,142,155
"East Midlands",7,2013,2099,1896,222,62,53394,160,203
"East Midlands",8,2002,2489,2142,110,63,53700,47,347
"East Midlands",8,2003,2350,2111,113,47,52776,66,239
"East Midlands",8,2004,2169,1957,188,99,52560,89,212
"East Midlands",8,2005,2020,1890,65,107,52644,-42,130
"East Midlands",8,2006,1826,1663,74,87,51590,-13,163
"East Midlands",8,2007,2020,1839,206,113,51834,93,181
"East Midlands",8,2008,1897,1750,129,71,50060,58,147
"East Midlands",8,2009,1674,1537,140,40,48783,100,137
"East Midlands",8,2010,1691,1600,133,55,47642,78,91
"East Midlands",8,2011,1732,1631,101,74,48346,27,101
"East Midlands",8,2012,1965,1778,204,49,50288,155,187
"East Midlands",8,2013,1965,1839,199,43,50749,156,126
"East Midlands",9,2002,2427,2065,116,58,54318,58,362
"East Midlands",9,2003,2321,2020,115,43,54263,72,301
"East Midlands",9,2004,2238,2034,178,96,53240,82,204
"East Midlands",9,2005,1951,1779,67,95,52947,-28,172
"East Midlands",9,2006,1928,1757,72,76,53044,-4,171
"East Midlands",9,2007,2079,1856,203,107,52097,96,223
"East Midlands",9,2008,1908,1755,117,63,52312,54,153
"East Midlands",9,2009,1667,1543,141,33,50492,108,124
"East Midlands",9,2010,1648,1588,128,53,49079,75,60
"East Midlands",9,2011,1647,1555,98,66,47804,32,92
"East Midlands",9,2012,1832,1717,213,40,48637,173,115
"East Midlands",9,2013,1778,1612,184,43,50598,141,166
"East Midlands",10,2002,2519,2127,143,51,56184,92,392
"East Midlands",10,2003,2229,1969,164,56,54708,108,260
"East Midlands",10,2004,2190,2011,122,133,54647,-11,179
"East Midlands",10,2005,1881,1758,154,88,53602,66,123
"East Midlands",10,2006,1872,1699,182,130,53408,52,173
"East Midlands",10,2007,2115,1846,181,87,53657,94,269
"East Midlands",10,2008,1797,1635,87,78,52452,9,162
"East Midlands",10,2009,1729,1616,91,46,52751,45,113
"East Midlands",10,2010,1630,1547,112,31,50862,81,83
"East Midlands",10,2011,1566,1462,60,32,49369,28,104
"East Midlands",10,2012,1686,1619,183,26,48030,157,67
"East Midlands",10,2013,1665,1520,197,27,48956,170,145
"East Midlands",11,2002,2297,1995,137,46,57698,91,302
"East Midlands",11,2003,2296,2055,170,52,56469,118,241
"East Midlands",11,2004,2188,1948,111,123,55003,-12,240
"East Midlands",11,2005,1961,1729,149,94,55145,55,232
"East Midlands",11,2006,1874,1680,179,126,54039,53,194
"East Midlands",11,2007,1866,1714,178,73,53898,105,152
"East Midlands",11,2008,1791,1586,68,86,54065,-18,205
"East Midlands",11,2009,1631,1541,95,39,52794,56,90
"East Midlands",11,2010,1642,1575,102,23,53191,79,67
"East Midlands",11,2011,1640,1573,61,26,51174,35,67
"East Midlands",11,2012,1621,1555,215,28,49621,187,66
"East Midlands",11,2013,1634,1508,225,29,48356,196,126
"East Midlands",12,2002,2225,1973,146,45,56571,101,252
"East Midlands",12,2003,2191,1880,183,57,57980,126,311
"East Midlands",12,2004,2175,1981,110,123,56583,-13,194
"East Midlands",12,2005,1905,1698,152,89,55302,63,207
"East Midlands",12,2006,1772,1656,184,127,55526,57,116
"East Midlands",12,2007,1910,1766,175,90,54461,85,144
"East Midlands",12,2008,1727,1595,86,79,54275,7,132
"East Midlands",12,2009,1676,1560,90,38,54464,52,116
"East Midlands",12,2010,1690,1562,108,23,53199,85,128
"East Midlands",12,2011,1528,1457,63,27,53564,36,71
"East Midlands",12,2012,1703,1582,183,32,51445,151,121
"East Midlands",12,2013,1566,1408,220,26,49973,194,158
"East Midlands",13,2002,2086,1839,133,46,55347,87,247
"East Midlands",13,2003,1929,1741,195,46,56625,149,188
"East Midlands",13,2004,2017,1874,110,117,57960,-7,143
"East Midlands",13,2005,1910,1813,149,91,56663,58,97
"East Midlands",13,2006,1752,1626,168,127,55534,41,126
"East Midlands",13,2007,1864,1624,176,82,56077,94,240
"East Midlands",13,2008,1675,1526,83,81,54800,2,149
"East Midlands",13,2009,1570,1452,93,40,54699,53,118
"East Midlands",13,2010,1615,1533,106,23,54871,83,82
"East Midlands",13,2011,1479,1386,62,28,53521,34,93
"East Midlands",13,2012,1725,1557,206,20,53917,186,168
"East Midlands",13,2013,1573,1491,212,29,51711,183,82
"East Midlands",14,2002,2298,1928,143,47,56216,96,370
"East Midlands",14,2003,2150,1933,209,57,55408,152,217
"East Midlands",14,2004,2290,1948,113,117,56677,-4,342
"East Midlands",14,2005,2131,1833,150,91,58162,59,298
"East Midlands",14,2006,2085,1845,172,120,56898,52,240
"East Midlands",14,2007,2076,1800,178,89,55931,89,276
"East Midlands",14,2008,1982,1789,78,72,56480,6,193
"East Midlands",14,2009,1837,1668,97,41,55220,56,169
"East Midlands",14,2010,1855,1645,103,32,55210,71,210
"East Midlands",14,2011,1775,1590,63,34,55296,29,185
"East Midlands",14,2012,1948,1640,202,39,53993,163,308
"East Midlands",14,2013,1889,1625,222,35,54370,187,264
"East Midlands",15,2002,1835,1622,315,109,54256,206,213
"East Midlands",15,2003,1849,1686,465,77,56234,388,163
"East Midlands",15,2004,1804,1707,429,76,55464,353,97
"East Midlands",15,2005,1719,1630,414,48,56803,366,89
"East Midlands",15,2006,1733,1636,517,95,58488,422,97
"East Midlands",15,2007,1789,1628,431,63,57308,368,161
"East Midlands",15,2008,1727,1577,421,88,56409,333,150
"East Midlands",15,2009,1604,1533,413,53,57074,360,71
"East Midlands",15,2010,1567,1557,371,63,55696,308,10
"East Midlands",15,2011,1412,1393,349,47,55733,302,19
"East Midlands",15,2012,1612,1534,208,69,55511,139,78
"East Midlands",15,2013,1492,1430,242,57,54239,185,62
"East Midlands",16,2002,1839,1707,324,117,53367,207,132
"East Midlands",16,2003,1875,1738,506,83,54203,423,137
"East Midlands",16,2004,1835,1712,462,73,56225,389,123
"East Midlands",16,2005,1785,1722,441,63,55531,378,63
"East Midlands",16,2006,1753,1669,571,116,56975,455,84
"East Midlands",16,2007,1952,1833,473,73,58828,400,119
"East Midlands",16,2008,1891,1772,459,97,57666,362,119
"East Midlands",16,2009,1622,1607,463,61,56820,402,15
"East Midlands",16,2010,1657,1674,423,84,57569,339,-17
"East Midlands",16,2011,1577,1527,396,56,56227,340,50
"East Midlands",16,2012,1617,1587,249,149,55825,100,30
"East Midlands",16,2013,1632,1559,246,98,55708,148,73
"East Midlands",17,2002,2423,2239,394,130,53141,264,184
"East Midlands",17,2003,2527,2309,624,113,53485,511,218
"East Midlands",17,2004,2559,2407,593,101,54144,492,152
"East Midlands",17,2005,2431,2260,568,87,56201,481,171
"East Midlands",17,2006,2469,2313,739,152,55764,587,156
"East Midlands",17,2007,2536,2300,623,100,57360,523,236
"East Midlands",17,2008,2499,2260,612,132,59219,480,239
"East Midlands",17,2009,2438,2270,596,93,58118,503,168
"East Midlands",17,2010,2270,2147,575,110,57343,465,123
"East Midlands",17,2011,2213,2089,536,91,58249,445,124
"East Midlands",17,2012,2416,2273,411,206,56426,205,143
"East Midlands",17,2013,2115,1962,385,156,56098,229,153
"East Midlands",18,2002,4804,4059,553,174,52157,379,745
"East Midlands",18,2003,4867,4060,828,145,54147,683,807
"East Midlands",18,2004,4769,3906,926,162,54624,764,863
"East Midlands",18,2005,4527,4055,1003,152,54937,851,472
"East Midlands",18,2006,4810,4248,1148,250,57154,898,562
"East Midlands",18,2007,4601,4180,1012,163,56679,849,421
"East Midlands",18,2008,4625,4204,999,222,58194,777,421
"East Midlands",18,2009,4987,4220,966,151,60606,815,767
"East Midlands",18,2010,5014,4204,871,190,59481,681,810
"East Midlands",18,2011,4735,4059,871,146,58810,725,676
"East Midlands",18,2012,5249,4468,698,295,59413,403,781
"East Midlands",18,2013,4644,3993,612,263,57466,349,651
"East Midlands",19,2002,15432,12097,756,253,54441,503,3335
"East Midlands",19,2003,15803,12483,1126,217,56021,909,3320
"East Midlands",19,2004,15942,12268,1386,231,58519,1155,3674
"East Midlands",19,2005,15440,12598,1597,246,58371,1351,2842
"East Midlands",19,2006,15816,13184,1678,409,58259,1269,2632
"East Midlands",19,2007,15195,12797,1548,265,60267,1283,2398
"East Midlands",19,2008,15440,12625,1540,341,60118,1199,2815
"East Midlands",19,2009,16979,13002,1458,243,62642,1215,3977
"East Midlands",19,2010,17888,13811,1279,309,64977,970,4077
"East Midlands",19,2011,17215,13471,1320,245,64090,1075,3744
"East Midlands",19,2012,19309,14691,1192,399,64176,793,4618
"East Midlands",19,2013,17243,13310,1194,415,64115,779,3933
"East Midlands",20,2002,10462,9237,902,449,53909,453,1225
"East Midlands",20,2003,10877,9358,1059,582,56171,477,1519
"East Midlands",20,2004,11019,9458,1560,521,58146,1039,1561
"East Midlands",20,2005,11017,9612,1802,527,60684,1275,1405
"East Midlands",20,2006,10365,9199,1974,607,60423,1367,1166
"East Midlands",20,2007,9884,8802,1927,640,60023,1287,1082
"East Midlands",20,2008,10251,9272,1436,463,61661,973,979
"East Midlands",20,2009,11072,9669,1305,565,61842,740,1403
"East Midlands",20,2010,11629,9892,1528,538,64944,990,1737
"East Midlands",20,2011,11232,9851,1670,665,67135,1005,1381
"East Midlands",20,2012,12835,10992,1253,537,66605,716,1843
"East Midlands",20,2013,11260,10411,1330,577,65763,753,849
"East Midlands",21,2002,8075,8981,1080,542,54231,538,-906
"East Midlands",21,2003,7899,8668,1285,657,53647,628,-769
"East Midlands",21,2004,8114,8972,1947,602,56420,1345,-858
"East Midlands",21,2005,8383,9625,2240,631,58126,1609,-1242
"East Midlands",21,2006,8122,9540,2399,710,60519,1689,-1418
"East Midlands",21,2007,8070,9413,2343,757,60234,1586,-1343
"East Midlands",21,2008,8229,9298,1779,544,59660,1235,-1069
"East Midlands",21,2009,8752,9984,1621,666,60893,955,-1232
"East Midlands",21,2010,8150,8926,1896,646,61953,1250,-776
"East Midlands",21,2011,7925,8989,2099,811,64869,1288,-1064
"East Midlands",21,2012,9076,10153,1438,663,66821,775,-1077
"East Midlands",21,2013,9019,10320,1482,700,66146,782,-1301
"East Midlands",22,2002,8166,9497,1262,636,52478,626,-1331
"East Midlands",22,2003,8439,9677,1479,795,53747,684,-1238
"East Midlands",22,2004,8147,9396,2262,715,53831,1547,-1249
"East Midlands",22,2005,9543,11395,2589,742,56224,1847,-1852
"East Midlands",22,2006,9530,11590,2775,835,57683,1940,-2060
"East Midlands",22,2007,9790,11978,2731,899,59773,1832,-2188
"East Midlands",22,2008,9546,11592,2056,645,59235,1411,-2046
"East Midlands",22,2009,10170,12351,1876,798,58063,1078,-2181
"East Midlands",22,2010,10191,11837,2195,752,60238,1443,-1646
"East Midlands",22,2011,9674,11764,2424,937,61029,1487,-2090
"East Midlands",22,2012,9658,11868,1718,793,63678,925,-2210
"East Midlands",22,2013,9850,12288,1719,820,65383,899,-2438
"East Midlands",23,2002,7172,8622,1098,601,48610,497,-1450
"East Midlands",23,2003,7698,8844,1307,793,52157,514,-1146
"East Midlands",23,2004,7542,9126,1977,687,53541,1290,-1584
"East Midlands",23,2005,7993,9565,2347,704,53785,1643,-1572
"East Midlands",23,2006,8431,10508,2543,810,55752,1733,-2077
"East Midlands",23,2007,8397,10434,2494,858,56961,1636,-2037
"East Midlands",23,2008,8455,10773,1837,622,58354,1215,-2318
"East Midlands",23,2009,8602,10774,1655,751,57580,904,-2172
"East Midlands",23,2010,8775,10554,1945,698,57071,1247,-1779
"East Midlands",23,2011,8681,10701,2134,884,59005,1250,-2020
"East Midlands",23,2012,8035,10222,1597,926,59505,671,-2187
"East Midlands",23,2013,8477,10762,1756,938,62244,818,-2285
"East Midlands",24,2002,5760,6598,1011,596,45327,415,-838
"East Midlands",24,2003,6307,6994,1196,745,48582,451,-687
"East Midlands",24,2004,6708,7333,1810,669,52795,1141,-625
"East Midlands",24,2005,6902,7584,2165,661,54318,1504,-682
"East Midlands",24,2006,6799,7985,2397,760,54089,1637,-1186
"East Midlands",24,2007,6978,8164,2326,790,55817,1536,-1186
"East Midlands",24,2008,6865,8270,1688,578,56210,1110,-1405
"East Midlands",24,2009,7017,8327,1512,697,57305,815,-1310
"East Midlands",24,2010,6933,8308,1796,641,56878,1155,-1375
"East Midlands",24,2011,6783,8099,1937,816,56270,1121,-1316
"East Midlands",24,2012,6756,8099,1339,878,58117,461,-1343
"East Midlands",24,2013,6919,8296,1466,957,58698,509,-1377
"East Midlands",25,2002,5292,5794,860,547,44578,313,-502
"East Midlands",25,2003,5401,5785,1144,733,45475,411,-384
"East Midlands",25,2004,5826,6151,1296,664,49078,632,-325
"East Midlands",25,2005,6104,6695,1931,912,53437,1019,-591
"East Midlands",25,2006,6178,6786,1676,810,54626,866,-608
"East Midlands",25,2007,6271,6773,1974,945,54485,1029,-502
"East Midlands",25,2008,5997,6832,1794,1099,55472,695,-835
"East Midlands",25,2009,6254,7193,1345,835,55354,510,-939
"East Midlands",25,2010,6189,6988,1452,908,56600,544,-799
"East Midlands",25,2011,6206,6837,1533,952,56337,581,-631
"East Midlands",25,2012,6004,6837,1146,920,55631,226,-833
"East Midlands",25,2013,6160,6962,1378,938,57785,440,-802
"East Midlands",26,2002,5486,5559,804,510,45972,294,-73
"East Midlands",26,2003,5196,5079,1054,677,45186,377,117
"East Midlands",26,2004,5253,5223,1211,623,46120,588,30
"East Midlands",26,2005,5590,5791,1787,868,50022,919,-201
"East Midlands",26,2006,5946,6211,1566,761,54204,805,-265
"East Midlands",26,2007,5943,6226,1841,871,55276,970,-283
"East Midlands",26,2008,5619,6136,1658,1024,54456,634,-517
"East Midlands",26,2009,5558,6094,1254,770,55169,484,-536
"East Midlands",26,2010,5548,5780,1347,814,55220,533,-232
"East Midlands",26,2011,5587,6101,1427,860,56209,567,-514
"East Midlands",26,2012,5702,6157,1030,861,56070,169,-455
"East Midlands",26,2013,5581,6010,1228,870,55591,358,-429
"East Midlands",27,2002,5469,5225,744,454,48299,290,244
"East Midlands",27,2003,5247,5096,969,566,46715,403,151
"East Midlands",27,2004,4994,4859,1116,557,45974,559,135
"East Midlands",27,2005,5026,4924,1648,754,47207,894,102
"East Midlands",27,2006,5520,5552,1434,680,51004,754,-32
"East Midlands",27,2007,5685,5915,1691,755,55137,936,-230
"East Midlands",27,2008,5693,5856,1516,885,55797,631,-163
"East Midlands",27,2009,5212,5605,1152,690,54419,462,-393
"East Midlands",27,2010,5328,5491,1243,708,55382,535,-163
"East Midlands",27,2011,5019,5316,1304,747,55126,557,-297
"East Midlands",27,2012,5449,5652,893,782,56083,111,-203
"East Midlands",27,2013,5561,5644,1115,823,56345,292,-83
"East Midlands",28,2002,5444,5246,720,425,50412,295,198
"East Midlands",28,2003,5281,5033,952,540,49057,412,248
"East Midlands",28,2004,5221,4864,1059,525,47750,534,357
"East Midlands",28,2005,4808,4707,1578,707,47040,871,101
"East Midlands",28,2006,4836,4844,1392,642,48040,750,-8
"East Midlands",28,2007,5191,5210,1633,714,52076,919,-19
"East Midlands",28,2008,5425,5703,1466,828,55725,638,-278
"East Midlands",28,2009,5095,5442,1111,642,55895,469,-347
"East Midlands",28,2010,4991,5214,1192,669,54552,523,-223
"East Midlands",28,2011,4922,5121,1270,702,55459,568,-199
"East Midlands",28,2012,5125,5298,854,752,55038,102,-173
"East Midlands",28,2013,5047,5214,984,670,56269,314,-167
"East Midlands",29,2002,5576,5066,681,382,54918,299,510
"East Midlands",29,2003,5182,4697,897,496,51486,401,485
"East Midlands",29,2004,5095,4637,986,475,50243,511,458
"East Midlands",29,2005,4720,4634,1465,649,48899,816,86
"East Midlands",29,2006,4575,4514,1302,580,48037,722,61
"East Midlands",29,2007,4727,4702,1521,642,49112,879,25
"East Midlands",29,2008,4928,4970,1379,743,53016,636,-42
"East Midlands",29,2009,4944,5068,1035,582,56355,453,-124
"East Midlands",29,2010,4899,4876,1125,597,56559,528,23
"East Midlands",29,2011,4559,4657,1190,634,54995,556,-98
"East Midlands",29,2012,4883,5030,809,710,55449,99,-147
"East Midlands",29,2013,4846,4825,857,634,55320,223,21
"East Midlands",30,2002,5592,4969,542,406,58721,136,623
"East Midlands",30,2003,5393,4783,656,503,55700,153,610
"East Midlands",30,2004,5096,4661,817,642,52126,175,435
"East Midlands",30,2005,4657,4387,1051,553,51068,498,270
"East Midlands",30,2006,4474,4263,1175,620,49844,555,211
"East Midlands",30,2007,4446,4379,980,713,48417,267,67
"East Midlands",30,2008,4401,4313,1114,560,49751,554,88
"East Midlands",30,2009,4386,4477,968,519,53511,449,-91
"East Midlands",30,2010,4721,4733,758,551,56667,207,-12
"East Midlands",30,2011,4490,4613,790,612,56499,178,-123
"East Midlands",30,2012,4543,4718,717,668,54822,49,-175
"East Midlands",30,2013,4715,4722,844,606,55671,238,-7
"East Midlands",31,2002,5508,4925,481,356,61762,125,583
"East Midlands",31,2003,5339,4824,590,428,59460,162,515
"East Midlands",31,2004,5169,4632,736,566,56489,170,537
"East Midlands",31,2005,4719,4258,946,497,53168,449,461
"East Midlands",31,2006,4609,4315,1063,570,52041,493,294
"East Midlands",31,2007,4559,4283,888,646,50521,242,276
"East Midlands",31,2008,4117,4019,989,506,49111,483,98
"East Midlands",31,2009,3753,3915,881,470,50076,411,-162
"East Midlands",31,2010,4233,4097,687,512,54069,175,136
"East Midlands",31,2011,4390,4384,708,550,57040,158,6
"East Midlands",31,2012,4527,4523,614,574,56485,40,4
"East Midlands",31,2013,4488,4273,733,524,55275,209,215
"East Midlands",32,2002,4850,4401,476,352,61127,124,449
"East Midlands",32,2003,5377,4621,576,440,62730,136,756
"East Midlands",32,2004,5058,4502,697,531,60223,166,556
"East Midlands",32,2005,4615,4218,892,472,57429,420,397
"East Midlands",32,2006,4414,4031,1004,528,54186,476,383
"East Midlands",32,2007,4351,4080,856,617,52660,239,271
"East Midlands",32,2008,3973,3841,954,477,51327,477,132
"East Midlands",32,2009,3593,3531,843,421,49728,422,62
"East Midlands",32,2010,3735,3660,668,482,50443,186,75
"East Midlands",32,2011,3918,3861,685,529,54477,156,57
"East Midlands",32,2012,4519,4372,543,570,57128,-27,147
"East Midlands",32,2013,4464,4231,625,477,56875,148,233
"East Midlands",33,2002,4811,4348,439,340,63878,99,463
"East Midlands",33,2003,4644,4132,513,396,61586,117,512
"East Midlands",33,2004,4920,4441,624,478,63329,146,479
"East Midlands",33,2005,4486,4051,788,443,60989,345,435
"East Midlands",33,2006,4345,3977,900,466,58266,434,368
"East Midlands",33,2007,4349,4193,762,565,54580,197,156
"East Midlands",33,2008,3897,3633,865,430,53445,435,264
"East Midlands",33,2009,3485,3469,757,379,51840,378,16
"East Midlands",33,2010,3452,3346,595,448,50018,147,106
"East Midlands",33,2011,3323,3215,613,483,50659,130,108
"East Midlands",33,2012,3967,3778,481,499,54617,-18,189
"East Midlands",33,2013,4113,3970,536,508,57319,28,143
"East Midlands",34,2002,4581,4038,424,323,64733,101,543
"East Midlands",34,2003,4771,4167,505,393,64652,112,604
"East Midlands",34,2004,4399,3836,623,464,62229,159,563
"East Midlands",34,2005,4443,4007,759,415,64174,344,436
"East Midlands",34,2006,4127,3932,850,457,61705,393,195
"East Midlands",34,2007,4252,4003,725,539,58814,186,249
"East Midlands",34,2008,3665,3424,824,403,55350,421,241
"East Midlands",34,2009,3417,3314,723,377,54060,346,103
"East Midlands",34,2010,3294,3068,576,432,52409,144,226
"East Midlands",34,2011,3196,3124,595,467,50360,128,72
"East Midlands",34,2012,3411,3258,458,463,50742,-5,153
"East Midlands",34,2013,3765,3548,461,463,54834,-2,217
"East Midlands",35,2002,4517,3930,403,266,66315,137,587
"East Midlands",35,2003,4439,3862,582,411,65329,171,577
"East Midlands",35,2004,4275,3864,526,271,65259,255,411
"East Midlands",35,2005,3948,3587,799,405,62843,394,361
"East Midlands",35,2006,4034,3805,884,479,64859,405,229
"East Midlands",35,2007,4217,3816,819,415,62531,404,401
"East Midlands",35,2008,3699,3447,675,429,59355,246,252
"East Midlands",35,2009,3255,3092,580,329,55818,251,163
"East Midlands",35,2010,3277,3153,518,383,54406,135,124
"East Midlands",35,2011,3047,2943,507,483,52686,24,104
"East Midlands",35,2012,3366,3144,397,456,50475,-59,222
"East Midlands",35,2013,3232,3044,428,366,51010,62,188
"East Midlands",36,2002,4071,3575,381,236,66262,145,496
"East Midlands",36,2003,4165,3610,533,386,66877,147,555
"East Midlands",36,2004,4040,3590,480,253,65800,227,450
"East Midlands",36,2005,3775,3402,715,372,65942,343,373
"East Midlands",36,2006,3733,3271,789,452,63516,337,462
"East Midlands",36,2007,4010,3785,729,361,65470,368,225
"East Midlands",36,2008,3733,3477,611,393,63052,218,256
"East Midlands",36,2009,3175,3156,529,300,59666,229,19
"East Midlands",36,2010,3125,2823,472,349,56323,123,302
"East Midlands",36,2011,3034,2854,459,438,54687,21,180
"East Midlands",36,2012,3139,3003,333,434,52667,-101,136
"East Midlands",36,2013,3072,2882,428,393,50709,35,190
"East Midlands",37,2002,3953,3442,366,240,67049,126,511
"East Midlands",37,2003,3892,3350,516,377,66913,139,542
"East Midlands",37,2004,3866,3414,455,244,67426,211,452
"East Midlands",37,2005,3626,3261,684,372,66394,312,365
"East Midlands",37,2006,3636,3307,761,429,66671,332,329
"East Midlands",37,2007,3633,3354,694,360,64091,334,279
"East Midlands",37,2008,3577,3407,583,378,65954,205,170
"East Midlands",37,2009,3135,2944,510,291,63559,219,191
"East Midlands",37,2010,3238,3083,450,340,60076,110,155
"East Midlands",37,2011,2886,2803,436,426,56533,10,83
"East Midlands",37,2012,3017,2983,340,386,54648,-46,34
"East Midlands",37,2013,2947,2747,331,328,52823,3,200
"East Midlands",38,2002,3756,3191,368,236,66753,132,565
"East Midlands",38,2003,3673,3102,484,357,67684,127,571
"East Midlands",38,2004,3531,3218,434,229,67352,205,313
"East Midlands",38,2005,3450,3108,655,341,67931,314,342
"East Midlands",38,2006,3349,3050,724,414,66857,310,299
"East Midlands",38,2007,3578,3306,662,327,67248,335,272
"East Midlands",38,2008,3315,2983,554,354,64482,200,332
"East Midlands",38,2009,3044,2827,491,279,66383,212,217
"East Midlands",38,2010,3007,2879,434,323,63831,111,128
"East Midlands",38,2011,2808,2617,419,398,60328,21,191
"East Midlands",38,2012,3047,2821,346,342,56736,4,226
"East Midlands",38,2013,2834,2624,355,257,54945,98,210
"East Midlands",39,2002,3405,2934,332,216,66079,116,471
"East Midlands",39,2003,3482,3071,451,321,67336,130,411
"East Midlands",39,2004,3367,3015,385,213,68191,172,352
"East Midlands",39,2005,3231,2897,593,323,67897,270,334
"East Midlands",39,2006,3165,2866,659,378,68427,281,299
"East Midlands",39,2007,3320,3063,605,310,67279,295,257
"East Midlands",39,2008,3168,2964,498,330,67651,168,204
"East Midlands",39,2009,2665,2539,436,254,64682,182,126
"East Midlands",39,2010,3031,2857,391,297,66720,94,174
"East Midlands",39,2011,2790,2676,381,356,64018,25,114
"East Midlands",39,2012,2955,2791,296,297,60412,-1,164
"East Midlands",39,2013,2744,2557,340,269,56987,71,187
"East Midlands",40,2002,3109,2724,353,212,64293,141,385
"East Midlands",40,2003,3155,2786,323,321,66394,2,369
"East Midlands",40,2004,3210,2852,320,308,67599,12,358
"East Midlands",40,2005,2996,2703,482,275,68610,207,293
"East Midlands",40,2006,2963,2669,545,446,68207,99,294
"East Midlands",40,2007,3157,2936,577,357,68697,220,221
"East Midlands",40,2008,3126,2756,449,416,67503,33,370
"East Midlands",40,2009,2698,2577,460,224,67935,236,121
"East Midlands",40,2010,2643,2596,403,387,64586,16,47
"East Midlands",40,2011,2764,2667,227,314,66722,-87,97
"East Midlands",40,2012,2866,2674,250,284,64067,-34,192
"East Midlands",40,2013,2799,2591,323,235,60661,88,208
"East Midlands",41,2002,2886,2470,324,201,62980,123,416
"East Midlands",41,2003,2852,2539,296,288,64647,8,313
"East Midlands",41,2004,2937,2646,267,275,66665,-8,291
"East Midlands",41,2005,2755,2556,424,261,67920,163,199
"East Midlands",41,2006,2909,2560,465,407,68970,58,349
"East Midlands",41,2007,2977,2689,513,326,68620,187,288
"East Midlands",41,2008,2874,2618,398,382,68810,16,256
"East Midlands",41,2009,2550,2386,403,216,67692,187,164
"East Midlands",41,2010,2718,2517,354,345,68139,9,201
"East Midlands",41,2011,2428,2271,207,296,64530,-89,157
"East Midlands",41,2012,2821,2648,226,261,66808,-35,173
"East Midlands",41,2013,2682,2573,263,221,64163,42,109
"East Midlands",42,2002,2617,2296,304,186,60712,118,321
"East Midlands",42,2003,2686,2367,271,258,63235,13,319
"East Midlands",42,2004,2748,2489,254,247,64882,7,259
"East Midlands",42,2005,2697,2476,389,224,67001,165,221
"East Midlands",42,2006,2664,2401,419,354,68186,65,263
"East Midlands",42,2007,2820,2544,470,281,69346,189,276
"East Midlands",42,2008,2668,2504,347,335,68659,12,164
"East Midlands",42,2009,2420,2302,374,191,68920,183,118
"East Midlands",42,2010,2460,2341,321,306,67632,15,119
"East Midlands",42,2011,2499,2389,190,259,68108,-69,110
"East Midlands",42,2012,2457,2355,264,249,64547,15,102
"East Midlands",42,2013,2823,2641,290,216,66976,74,182
"East Midlands",43,2002,2446,2169,285,173,59510,112,277
"East Midlands",43,2003,2408,2162,266,236,60976,30,246
"East Midlands",43,2004,2508,2262,225,221,63476,4,246
"East Midlands",43,2005,2496,2241,346,194,65275,152,255
"East Midlands",43,2006,2468,2301,383,319,67216,64,167
"East Midlands",43,2007,2652,2527,425,252,68474,173,125
"East Midlands",43,2008,2557,2432,323,307,69422,16,125
"East Midlands",43,2009,2250,2125,341,167,68818,174,125
"East Midlands",43,2010,2329,2326,295,276,68803,19,3
"East Midlands",43,2011,2321,2271,168,224,67457,-56,50
"East Midlands",43,2012,2563,2421,217,267,68058,-50,142
"East Midlands",43,2013,2383,2235,227,213,64610,14,148
"East Midlands",44,2002,2350,1986,279,158,58596,121,364
"East Midlands",44,2003,2277,2088,247,216,59687,31,189
"East Midlands",44,2004,2305,2110,211,206,61128,5,195
"East Midlands",44,2005,2250,2090,323,187,63696,136,160
"East Midlands",44,2006,2366,2126,357,293,65543,64,240
"East Midlands",44,2007,2528,2296,394,233,67523,161,232
"East Midlands",44,2008,2371,2249,301,283,68532,18,122
"East Midlands",44,2009,2117,2063,312,155,69524,157,54
"East Midlands",44,2010,2166,2152,280,258,68717,22,14
"East Midlands",44,2011,2290,2200,160,207,68616,-47,90
"East Midlands",44,2012,2507,2464,232,232,67423,0,43
"East Midlands",44,2013,2561,2466,256,192,68105,64,95
"East Midlands",45,2002,2002,1766,116,205,56271,-89,236
"East Midlands",45,2003,2175,1961,161,121,58793,40,214
"East Midlands",45,2004,2205,2004,248,201,59885,47,201
"East Midlands",45,2005,2084,1884,247,221,61334,26,200
"East Midlands",45,2006,2222,2074,227,141,63864,86,148
"East Midlands",45,2007,2386,2222,239,264,65641,-25,164
"East Midlands",45,2008,2370,2229,263,184,67690,79,141
"East Midlands",45,2009,2131,2036,336,186,68690,150,95
"East Midlands",45,2010,2230,2111,236,141,69640,95,119
"East Midlands",45,2011,2131,2013,207,166,68740,41,118
"East Midlands",45,2012,2417,2387,199,187,68544,12,30
"East Midlands",45,2013,2439,2245,229,166,67561,63,194
"East Midlands",46,2002,1967,1717,109,188,54847,-79,250
"East Midlands",46,2003,2020,1756,133,111,56452,22,264
"East Midlands",46,2004,2012,1883,213,176,58875,37,129
"East Midlands",46,2005,2047,1935,223,200,60017,23,112
"East Midlands",46,2006,1915,1776,206,125,61527,81,139
"East Midlands",46,2007,2256,2073,198,251,63941,-53,183
"East Midlands",46,2008,2236,2085,239,169,65831,70,151
"East Midlands",46,2009,2024,1973,284,167,67818,117,51
"East Midlands",46,2010,2163,2075,202,129,68800,73,88
"East Midlands",46,2011,2123,2013,186,158,69676,28,110
"East Midlands",46,2012,2341,2159,198,177,68802,21,182
"East Midlands",46,2013,2441,2290,215,157,68628,58,151
"East Midlands",47,2002,1817,1582,90,177,53341,-87,235
"East Midlands",47,2003,1899,1710,122,98,54961,24,189
"East Midlands",47,2004,1868,1715,187,159,56494,28,153
"East Midlands",47,2005,1804,1705,189,177,58838,12,99
"East Midlands",47,2006,1835,1733,183,118,60060,65,102
"East Midlands",47,2007,2068,1978,179,222,61488,-43,90
"East Midlands",47,2008,2059,1929,209,143,64001,66,130
"East Midlands",47,2009,1931,1893,258,150,65878,108,38
"East Midlands",47,2010,2086,2011,185,114,67823,71,75
"East Midlands",47,2011,2071,2048,169,137,68697,32,23
"East Midlands",47,2012,2186,2139,188,130,69657,58,47
"East Midlands",47,2013,2267,2095,209,136,68912,73,172
"East Midlands",48,2002,1812,1578,93,171,54333,-78,234
"East Midlands",48,2003,1737,1585,123,86,53411,37,152
"East Midlands",48,2004,1825,1650,183,153,55053,30,175
"East Midlands",48,2005,1721,1529,183,167,56583,16,192
"East Midlands",48,2006,1806,1678,176,117,58943,59,128
"East Midlands",48,2007,2042,1888,179,219,60080,-40,154
"East Midlands",48,2008,1843,1712,206,138,61655,68,131
"East Midlands",48,2009,1659,1662,251,145,64018,106,-3
"East Midlands",48,2010,1847,1809,167,110,65889,57,38
"East Midlands",48,2011,1910,1927,162,132,67757,30,-17
"East Midlands",48,2012,2176,2030,169,149,68705,20,146
"East Midlands",48,2013,2117,2022,188,124,69659,64,95
"East Midlands",49,2002,1730,1517,92,161,54072,-69,213
"East Midlands",49,2003,1697,1524,120,88,54470,32,173
"East Midlands",49,2004,1707,1510,177,151,53467,26,197
"East Midlands",49,2005,1645,1511,174,174,55067,0,134
"East Midlands",49,2006,1675,1562,165,105,56631,60,113
"East Midlands",49,2007,1869,1823,168,208,58814,-40,46
"East Midlands",49,2008,1765,1744,202,125,60089,77,21
"East Midlands",49,2009,1666,1626,243,135,61675,108,40
"East Midlands",49,2010,1864,1763,166,110,64048,56,101
"East Midlands",49,2011,1873,1809,153,134,65856,19,64
"East Midlands",49,2012,2046,1930,144,162,67693,-18,116
"East Midlands",49,2013,2120,2015,163,119,68714,44,105
"East Midlands",50,2002,1670,1429,76,52,54103,24,241
"East Midlands",50,2003,1740,1592,125,168,54133,-43,148
"East Midlands",50,2004,1766,1607,64,125,54492,-61,159
"East Midlands",50,2005,1587,1442,210,157,53524,53,145
"East Midlands",50,2006,1706,1559,182,174,55107,8,147
"East Midlands",50,2007,1739,1694,122,122,56550,0,45
"East Midlands",50,2008,1798,1646,221,102,58961,119,152
"East Midlands",50,2009,1673,1632,162,92,60143,70,41
"East Midlands",50,2010,1708,1650,69,78,61677,-9,58
"East Midlands",50,2011,1830,1718,185,133,64111,52,112
"East Midlands",50,2012,1992,1845,183,154,65874,29,147
"East Midlands",50,2013,2077,2039,148,122,67601,26,38
"East Midlands",51,2002,1743,1507,69,54,54515,15,236
"East Midlands",51,2003,1615,1480,116,157,54050,-41,135
"East Midlands",51,2004,1687,1554,61,133,54110,-72,133
"East Midlands",51,2005,1513,1365,194,148,54570,46,148
"East Midlands",51,2006,1490,1382,188,170,53497,18,108
"East Midlands",51,2007,1701,1573,119,121,55090,-2,128
"East Midlands",51,2008,1622,1503,228,107,56649,121,119
"East Midlands",51,2009,1515,1395,165,95,59024,70,120
"East Midlands",51,2010,1608,1565,63,86,60083,-23,43
"East Midlands",51,2011,1528,1562,176,127,61573,49,-34
"East Midlands",51,2012,1867,1835,155,96,64019,59,32
"East Midlands",51,2013,1981,1887,149,124,65769,25,94
"East Midlands",52,2002,1701,1503,79,48,56817,31,198
"East Midlands",52,2003,1624,1447,116,162,54504,-46,177
"East Midlands",52,2004,1625,1456,71,116,54011,-45,169
"East Midlands",52,2005,1434,1320,200,149,54200,51,114
"East Midlands",52,2006,1537,1362,183,167,54649,16,175
"East Midlands",52,2007,1689,1543,114,120,53472,-6,146
"East Midlands",52,2008,1564,1520,223,113,55129,110,44
"East Midlands",52,2009,1399,1377,152,87,56562,65,22
"East Midlands",52,2010,1512,1432,61,81,58914,-20,80
"East Midlands",52,2011,1493,1412,180,129,60059,51,81
"East Midlands",52,2012,1689,1563,125,116,61524,9,126
"East Midlands",52,2013,1877,1785,159,135,63962,24,92
"East Midlands",53,2002,1820,1531,64,56,58085,8,289
"East Midlands",53,2003,1714,1481,109,150,56792,-41,233
"East Midlands",53,2004,1606,1416,53,124,54459,-71,190
"East Midlands",53,2005,1404,1294,190,133,53994,57,110
"East Midlands",53,2006,1399,1338,179,164,54174,15,61
"East Midlands",53,2007,1609,1516,117,119,54643,-2,93
"East Midlands",53,2008,1471,1326,210,103,53547,107,145
"East Midlands",53,2009,1273,1233,154,95,55093,59,40
"East Midlands",53,2010,1395,1309,62,82,56474,-20,86
"East Midlands",53,2011,1395,1353,169,133,58826,36,42
"East Midlands",53,2012,1651,1600,114,115,59930,-1,51
"East Midlands",53,2013,1730,1596,133,95,61485,38,134
"East Midlands",54,2002,1816,1471,73,51,62527,22,345
"East Midlands",54,2003,1658,1453,118,158,58007,-40,205
"East Midlands",54,2004,1581,1413,62,109,56670,-47,168
"East Midlands",54,2005,1490,1305,187,147,54483,40,185
"East Midlands",54,2006,1353,1205,179,161,53966,18,148
"East Midlands",54,2007,1518,1401,124,123,54171,1,117
"East Midlands",54,2008,1449,1354,217,108,54741,109,95
"East Midlands",54,2009,1210,1081,163,94,53542,69,129
"East Midlands",54,2010,1365,1291,63,90,54975,-27,74
"East Midlands",54,2011,1354,1255,181,130,56452,51,99
"East Midlands",54,2012,1591,1536,138,98,58694,40,55
"East Midlands",54,2013,1722,1539,165,116,59948,49,183
"East Midlands",55,2002,2043,1701,63,88,65992,-25,342
"East Midlands",55,2003,1838,1509,56,172,62382,-116,329
"East Midlands",55,2004,1616,1502,118,153,57869,-35,114
"East Midlands",55,2005,1442,1288,96,119,56559,-23,154
"East Midlands",55,2006,1407,1236,104,99,54425,5,171
"East Midlands",55,2007,1501,1364,72,81,53894,-9,137
"East Midlands",55,2008,1453,1269,74,152,54154,-78,184
"East Midlands",55,2009,1259,1161,85,31,54723,54,98
"East Midlands",55,2010,1285,1176,99,60,53454,39,109
"East Midlands",55,2011,1235,1183,109,84,54839,25,52
"East Midlands",55,2012,1510,1450,93,86,56322,7,60
"East Midlands",55,2013,1560,1416,140,96,58621,44,144
"East Midlands",56,2002,1549,1311,66,82,53928,-16,238
"East Midlands",56,2003,1947,1660,59,183,65994,-124,287
"East Midlands",56,2004,1702,1540,124,166,62191,-42,162
"East Midlands",56,2005,1396,1302,99,124,57713,-25,94
"East Midlands",56,2006,1383,1230,103,95,56445,8,153
"East Midlands",56,2007,1557,1392,73,83,54339,-10,165
"East Midlands",56,2008,1318,1225,74,162,53684,-88,93
"East Midlands",56,2009,1151,1078,86,27,54154,59,73
"East Midlands",56,2010,1336,1168,104,64,54724,40,168
"East Midlands",56,2011,1282,1218,117,90,53310,27,64
"East Midlands",56,2012,1414,1358,123,75,54704,48,56
"East Midlands",56,2013,1376,1329,132,77,56216,55,47
"East Midlands",57,2002,1518,1281,59,76,53793,-17,237
"East Midlands",57,2003,1507,1268,56,149,53633,-93,239
"East Midlands",57,2004,1895,1624,114,139,66049,-25,271
"East Midlands",57,2005,1524,1387,85,103,61935,-18,137
"East Midlands",57,2006,1351,1291,87,86,57484,1,60
"East Midlands",57,2007,1487,1348,63,72,56271,-9,139
"East Midlands",57,2008,1341,1229,66,123,54167,-57,112
"East Midlands",57,2009,1085,1018,75,22,53570,53,67
"East Midlands",57,2010,1154,1070,89,43,54147,46,84
"East Midlands",57,2011,1222,1123,98,72,54648,26,99
"East Midlands",57,2012,1311,1288,100,74,53135,26,23
"East Midlands",57,2013,1426,1240,111,92,54656,19,186
"East Midlands",58,2002,1448,1238,50,69,52960,-19,210
"East Midlands",58,2003,1371,1149,49,142,53404,-93,222
"East Midlands",58,2004,1456,1241,96,126,53390,-30,215
"East Midlands",58,2005,1590,1370,69,92,66025,-23,220
"East Midlands",58,2006,1411,1191,77,77,61763,0,220
"East Midlands",58,2007,1539,1290,50,63,57414,-13,249
"East Midlands",58,2008,1395,1240,56,123,56042,-67,155
"East Midlands",58,2009,1018,1002,65,21,53972,44,16
"East Midlands",58,2010,1193,1127,74,46,53394,28,66
"East Midlands",58,2011,1134,1090,87,67,54031,20,44
"East Midlands",58,2012,1338,1253,104,85,54448,19,85
"East Midlands",58,2013,1375,1285,111,106,52956,5,90
"East Midlands",59,2002,1240,1035,52,68,49159,-16,205
"East Midlands",59,2003,1420,1184,46,138,52808,-92,236
"East Midlands",59,2004,1359,1251,99,119,53010,-20,108
"East Midlands",59,2005,1261,1100,66,91,53034,-25,161
"East Midlands",59,2006,1577,1387,76,78,66022,-2,190
"East Midlands",59,2007,1679,1481,51,56,61544,-5,198
"East Midlands",59,2008,1377,1241,64,116,57176,-52,136
"East Midlands",59,2009,1056,969,69,24,55868,45,87
"East Midlands",59,2010,1186,1027,71,42,53932,29,159
"East Midlands",59,2011,1161,1102,85,69,53157,16,59
"East Midlands",59,2012,1276,1161,102,73,53872,29,115
"East Midlands",59,2013,1284,1237,105,83,54213,22,47
"East Midlands",60,2002,1218,923,49,35,43930,14,295
"East Midlands",60,2003,1377,1117,46,44,49008,2,260
"East Midlands",60,2004,1435,1222,58,68,52688,-10,213
"East Midlands",60,2005,1198,1051,150,231,52580,-81,147
"East Midlands",60,2006,1268,1081,108,137,52672,-29,187
"East Midlands",60,2007,1783,1585,82,277,65759,-195,198
"East Midlands",60,2008,1452,1270,41,15,61320,26,182
"East Midlands",60,2009,1080,1017,76,30,56892,46,63
"East Midlands",60,2010,1334,1155,85,35,55710,50,179
"East Midlands",60,2011,1207,1058,70,74,53777,-4,149
"East Midlands",60,2012,1376,1236,98,100,52993,-2,140
"East Midlands",60,2013,1279,1149,119,79,53711,40,130
"East Midlands",61,2002,1069,793,49,38,40970,11,276
"East Midlands",61,2003,1146,902,44,43,43800,1,244
"East Midlands",61,2004,1302,1068,49,65,48837,-16,234
"East Midlands",61,2005,1209,969,155,237,52499,-82,240
"East Midlands",61,2006,1182,1023,98,140,52160,-42,159
"East Midlands",61,2007,1352,1168,80,253,52178,-173,184
"East Midlands",61,2008,1677,1400,46,17,65737,29,277
"East Midlands",61,2009,1143,972,74,30,61028,44,171
"East Midlands",61,2010,1254,1031,81,32,56749,49,223
"East Midlands",61,2011,1119,1073,70,70,55349,0,46
"East Midlands",61,2012,1232,1085,110,84,53612,26,147
"East Midlands",61,2013,1266,1221,125,74,52734,51,45
"East Midlands",62,2002,1135,902,39,36,42019,3,233
"East Midlands",62,2003,976,826,36,35,40670,1,150
"East Midlands",62,2004,1139,926,41,49,43561,-8,213
"East Midlands",62,2005,1095,917,123,194,48521,-71,178
"East Midlands",62,2006,1134,987,73,107,52241,-34,147
"East Midlands",62,2007,1341,1117,64,199,51676,-135,224
"East Midlands",62,2008,1153,1009,31,9,51765,22,144
"East Midlands",62,2009,1066,977,53,25,65517,28,89
"East Midlands",62,2010,1274,1135,61,27,60697,34,139
"East Midlands",62,2011,1123,985,48,53,56472,-5,138
"East Midlands",62,2012,1255,1125,106,76,55117,30,130
"East Midlands",62,2013,1181,1072,113,84,53372,29,109
"East Midlands",63,2002,1088,821,41,25,42087,16,267
"East Midlands",63,2003,1076,815,36,30,41800,6,261
"East Midlands",63,2004,1006,861,43,49,40251,-6,145
"East Midlands",63,2005,908,846,118,198,43073,-80,62
"East Midlands",63,2006,1018,901,79,108,48163,-29,117
"East Midlands",63,2007,1198,1023,63,217,51861,-154,175
"East Midlands",63,2008,1041,905,31,14,51264,17,136
"East Midlands",63,2009,900,786,52,26,51345,26,114
"East Midlands",63,2010,1386,1245,60,24,65305,36,141
"East Midlands",63,2011,1108,1015,49,54,60235,-5,93
"East Midlands",63,2012,1198,1107,117,56,56187,61,91
"East Midlands",63,2013,1157,1109,132,79,54803,53,48
"East Midlands",64,2002,1066,795,38,24,41687,14,271
"East Midlands",64,2003,1015,809,35,28,41864,7,206
"East Midlands",64,2004,1018,841,40,43,41450,-3,177
"East Midlands",64,2005,807,640,110,175,39801,-65,167
"East Midlands",64,2006,887,769,69,99,42678,-30,118
"East Midlands",64,2007,1074,948,56,172,47711,-116,126
"East Midlands",64,2008,1041,868,32,12,51647,20,173
"East Midlands",64,2009,793,688,47,23,50724,24,105
"East Midlands",64,2010,1004,918,58,27,50858,31,86
"East Midlands",64,2011,1194,1061,50,46,65063,4,133
"East Midlands",64,2012,1211,1084,109,83,59927,26,127
"East Midlands",64,2013,1208,1081,112,62,55849,50,127
"East Midlands",65,2002,1043,787,45,49,40286,-4,256
"East Midlands",65,2003,1010,801,44,89,41349,-45,209
"East Midlands",65,2004,972,831,54,103,41430,-49,141
"East Midlands",65,2005,797,685,43,72,41019,-29,112
"East Midlands",65,2006,821,701,116,240,39278,-124,120
"East Midlands",65,2007,981,871,35,99,42210,-64,110
"East Midlands",65,2008,947,796,175,94,47420,81,151
"East Midlands",65,2009,719,718,82,48,51226,34,1
"East Midlands",65,2010,934,818,97,41,50256,56,116
"East Midlands",65,2011,970,844,82,62,50294,20,126
"East Midlands",65,2012,1362,1193,77,75,64644,2,169
"East Midlands",65,2013,1249,1124,95,44,59579,51,125
"East Midlands",66,2002,904,708,39,40,38925,-1,196
"East Midlands",66,2003,882,695,27,72,39868,-45,187
"East Midlands",66,2004,933,731,47,82,40909,-35,202
"East Midlands",66,2005,819,660,37,57,41065,-20,159
"East Midlands",66,2006,797,692,97,162,40508,-65,105
"East Midlands",66,2007,811,697,18,73,38812,-55,114
"East Midlands",66,2008,809,699,137,73,41891,64,110
"East Midlands",66,2009,644,602,56,30,46951,26,42
"East Midlands",66,2010,927,844,72,40,50855,32,83
"East Midlands",66,2011,905,786,53,53,49693,0,119
"East Midlands",66,2012,1004,907,64,47,49866,17,97
"East Midlands",66,2013,1208,1126,101,48,64109,53,82
"East Midlands",67,2002,805,631,34,43,37614,-9,174
"East Midlands",67,2003,722,613,32,65,38435,-33,109
"East Midlands",67,2004,833,709,44,71,39318,-27,124
"East Midlands",67,2005,709,590,36,51,40383,-15,119
"East Midlands",67,2006,784,671,88,181,40560,-93,113
"East Midlands",67,2007,838,749,32,86,39937,-54,89
"East Midlands",67,2008,661,566,133,75,38341,58,95
"East Midlands",67,2009,503,471,71,36,41332,35,32
"East Midlands",67,2010,743,665,72,37,46488,35,78
"East Midlands",67,2011,792,701,62,46,50430,16,91
"East Midlands",67,2012,879,819,59,66,49149,-7,60
"East Midlands",67,2013,935,808,87,40,49446,47,127
"East Midlands",68,2002,721,596,21,31,36179,-10,125
"East Midlands",68,2003,685,626,21,46,37050,-25,59
"East Midlands",68,2004,720,592,29,48,37843,-19,128
"East Midlands",68,2005,638,552,17,38,38739,-21,86
"East Midlands",68,2006,663,590,55,135,39698,-80,73
"East Midlands",68,2007,800,701,17,47,40076,-30,99
"East Midlands",68,2008,682,603,82,54,39460,28,79
"East Midlands",68,2009,447,417,42,20,37773,22,30
"East Midlands",68,2010,630,516,44,25,40890,19,114
"East Midlands",68,2011,728,613,39,31,45938,8,115
"East Midlands",68,2012,839,775,70,47,49912,23,64
"East Midlands",68,2013,861,788,100,41,48676,59,73
"East Midlands",69,2002,670,507,31,29,35747,2,163
"East Midlands",69,2003,647,530,26,51,35551,-25,117
"East Midlands",69,2004,658,631,38,66,36401,-28,27
"East Midlands",69,2005,531,477,34,45,37202,-11,54
"East Midlands",69,2006,586,561,78,155,38034,-77,25
"East Midlands",69,2007,711,646,20,62,39048,-42,65
"East Midlands",69,2008,630,527,118,64,39625,54,103
"East Midlands",69,2009,459,420,53,32,38889,21,39
"East Midlands",69,2010,515,493,58,30,37105,28,22
"East Midlands",69,2011,547,479,40,33,40314,7,68
"East Midlands",69,2012,755,632,60,59,45388,1,123
"East Midlands",69,2013,766,695,48,40,49282,8,71
"East Midlands",70,2002,652,551,25,25,35907,0,101
"East Midlands",70,2003,621,482,32,46,35150,-14,139
"East Midlands",70,2004,629,552,33,48,34879,-15,77
"East Midlands",70,2005,544,484,25,26,35737,-1,60
"East Midlands",70,2006,585,539,53,109,36515,-56,46
"East Midlands",70,2007,641,554,21,38,37356,-17,87
"East Midlands",70,2008,562,499,80,35,38465,45,63
"East Midlands",70,2009,461,411,45,28,39058,17,50
"East Midlands",70,2010,540,537,45,24,38218,21,3
"East Midlands",70,2011,536,471,50,37,36500,13,65
"East Midlands",70,2012,559,538,57,48,39673,9,21
"East Midlands",70,2013,675,656,61,42,44731,19,19
"East Midlands",71,2002,646,517,22,30,35478,-8,129
"East Midlands",71,2003,585,489,19,43,35208,-24,96
"East Midlands",71,2004,548,501,29,50,34383,-21,47
"East Midlands",71,2005,485,466,23,32,34124,-9,19
"East Midlands",71,2006,508,488,58,105,34970,-47,20
"East Midlands",71,2007,605,567,18,45,35768,-27,38
"East Midlands",71,2008,523,489,74,41,36690,33,34
"East Midlands",71,2009,428,366,45,30,37770,15,62
"East Midlands",71,2010,517,508,48,27,38429,21,9
"East Midlands",71,2011,484,473,51,38,37493,13,11
"East Midlands",71,2012,491,457,41,51,35828,-10,34
"East Midlands",71,2013,580,558,53,51,39022,2,22
"East Midlands",72,2002,558,521,26,27,34201,-1,37
"East Midlands",72,2003,570,464,18,48,34592,-30,106
"East Midlands",72,2004,575,500,26,52,34362,-26,75
"East Midlands",72,2005,423,411,23,33,33501,-10,12
"East Midlands",72,2006,458,454,56,88,33292,-32,4
"East Midlands",72,2007,520,485,10,24,34264,-14,35
"East Midlands",72,2008,470,441,70,57,35060,13,29
"East Midlands",72,2009,345,334,32,18,35919,14,11
"East Midlands",72,2010,491,483,43,31,36976,12,8
"East Midlands",72,2011,463,451,35,41,37727,-6,12
"East Midlands",72,2012,492,469,29,41,36772,-12,23
"East Midlands",72,2013,563,565,55,35,35141,20,-2
"East Midlands",73,2002,539,477,22,19,33068,3,62
"East Midlands",73,2003,526,482,20,39,33199,-19,44
"East Midlands",73,2004,563,460,19,36,33702,-17,103
"East Midlands",73,2005,463,421,17,22,33472,-5,42
"East Midlands",73,2006,424,394,43,78,32605,-35,30
"East Midlands",73,2007,523,516,18,28,32493,-10,7
"East Midlands",73,2008,434,424,68,35,33509,33,10
"East Midlands",73,2009,370,343,33,11,34240,22,27
"East Midlands",73,2010,473,454,37,15,35144,22,19
"East Midlands",73,2011,481,464,35,29,36189,6,17
"East Midlands",73,2012,484,478,39,13,36929,26,6
"East Midlands",73,2013,504,493,53,27,36014,26,11
"East Midlands",74,2002,522,408,22,20,31818,2,114
"East Midlands",74,2003,500,421,20,36,32056,-16,79
"East Midlands",74,2004,532,463,19,31,32249,-12,69
"East Midlands",74,2005,460,393,21,25,32771,-4,67
"East Midlands",74,2006,427,411,38,81,32509,-43,16
"East Midlands",74,2007,456,418,15,37,31713,-22,38
"East Midlands",74,2008,434,398,59,32,31664,27,36
"East Midlands",74,2009,339,292,35,13,32751,22,47
"East Midlands",74,2010,416,372,34,20,33408,14,44
"East Midlands",74,2011,394,389,42,25,34255,17,5
"East Midlands",74,2012,492,450,41,4,35396,37,42
"East Midlands",74,2013,522,523,35,10,36125,25,-1
"East Midlands",75,2002,533,442,7,6,30728,1,91
"East Midlands",75,2003,433,374,17,22,30674,-5,59
"East Midlands",75,2004,483,418,14,20,30995,-6,65
"East Midlands",75,2005,404,394,4,4,31270,0,10
"East Midlands",75,2006,450,428,18,43,31764,-25,22
"East Midlands",75,2007,499,489,11,16,31537,-5,10
"East Midlands",75,2008,420,382,21,6,30781,15,38
"East Midlands",75,2009,288,301,11,9,30798,2,-13
"East Midlands",75,2010,404,401,17,8,31907,9,3
"East Midlands",75,2011,439,430,17,13,32486,4,9
"East Midlands",75,2012,426,426,26,8,33409,18,0
"East Midlands",75,2013,492,434,29,6,34520,23,58
"East Midlands",76,2002,430,398,10,11,29862,-1,32
"East Midlands",76,2003,472,368,12,20,29517,-8,104
"East Midlands",76,2004,439,393,10,16,29574,-6,46
"East Midlands",76,2005,379,372,5,6,29823,-1,7
"East Midlands",76,2006,394,411,18,40,30113,-22,-17
"East Midlands",76,2007,509,478,8,19,30681,-11,31
"East Midlands",76,2008,407,402,24,17,30531,7,5
"East Midlands",76,2009,309,282,14,12,29747,2,27
"East Midlands",76,2010,387,366,17,12,29943,5,21
"East Midlands",76,2011,334,337,14,16,30985,-2,-3
"East Midlands",76,2012,404,382,26,11,31595,15,22
"East Midlands",76,2013,460,439,29,6,32485,23,21
"East Midlands",77,2002,457,409,2,3,28505,-1,48
"East Midlands",77,2003,421,373,10,11,28538,-1,48
"East Midlands",77,2004,418,412,5,13,28201,-8,6
"East Midlands",77,2005,386,330,1,3,28407,-2,56
"East Midlands",77,2006,415,386,17,30,28632,-13,29
"East Midlands",77,2007,486,456,4,12,28934,-8,30
"East Midlands",77,2008,396,358,23,9,29592,14,38
"East Midlands",77,2009,299,280,13,3,29481,10,19
"East Midlands",77,2010,368,342,14,4,28691,10,26
"East Midlands",77,2011,405,370,14,9,29027,5,35
"East Midlands",77,2012,422,383,28,6,30033,22,39
"East Midlands",77,2013,415,460,21,5,30542,16,-45
"East Midlands",78,2002,493,428,4,8,27002,-4,65
"East Midlands",78,2003,432,377,10,10,27091,0,55
"East Midlands",78,2004,449,393,7,13,27251,-6,56
"East Midlands",78,2005,372,366,1,6,26871,-5,6
"East Midlands",78,2006,395,386,10,35,27075,-25,9
"East Midlands",78,2007,423,378,11,17,27416,-6,45
"East Midlands",78,2008,410,356,18,7,27816,11,54
"East Midlands",78,2009,331,320,9,9,28421,0,11
"East Midlands",78,2010,400,376,13,6,28400,7,24
"East Midlands",78,2011,388,370,12,13,27597,-1,18
"East Midlands",78,2012,390,405,23,6,28021,17,-15
"East Midlands",78,2013,417,409,20,2,28966,18,8
"East Midlands",79,2002,492,450,4,2,25631,2,42
"East Midlands",79,2003,399,371,8,14,25517,-6,28
"East Midlands",79,2004,494,433,3,11,25743,-8,61
"East Midlands",79,2005,366,378,3,5,25790,-2,-12
"East Midlands",79,2006,422,330,9,18,25651,-9,92
"East Midlands",79,2007,407,374,5,4,25727,1,33
"East Midlands",79,2008,375,387,12,5,26094,7,-12
"East Midlands",79,2009,343,305,7,6,26539,1,38
"East Midlands",79,2010,412,364,8,5,27259,3,48
"East Midlands",79,2011,362,361,6,8,27208,-2,1
"East Midlands",79,2012,396,367,20,8,26528,12,29
"East Midlands",79,2013,437,428,19,5,26927,14,9
"East Midlands",80,2002,504,423,3,0,25365,3,81
"East Midlands",80,2003,448,387,4,0,24083,4,61
"East Midlands",80,2004,454,413,3,2,24071,1,41
"East Midlands",80,2005,360,352,0,5,24273,-5,8
"East Midlands",80,2006,375,360,3,7,24410,-4,15
"East Midlands",80,2007,407,385,1,4,24280,-3,22
"East Midlands",80,2008,346,337,14,2,24398,12,9
"East Midlands",80,2009,339,321,8,5,24696,3,18
"East Midlands",80,2010,392,382,2,1,25257,1,10
"East Midlands",80,2011,369,357,4,1,25947,3,12
"East Midlands",80,2012,418,406,11,4,26043,7,12
"East Midlands",80,2013,427,408,28,1,25363,27,19
"East Midlands",81,2002,540,438,1,0,25078,1,102
"East Midlands",81,2003,481,429,5,1,23730,4,52
"East Midlands",81,2004,446,389,0,3,22557,-3,57
"East Midlands",81,2005,356,317,0,1,22563,-1,39
"East Midlands",81,2006,403,375,4,6,22794,-2,28
"East Midlands",81,2007,389,370,1,5,22971,-4,19
"East Midlands",81,2008,383,332,11,5,22997,6,51
"East Midlands",81,2009,318,274,8,4,23023,4,44
"East Midlands",81,2010,357,309,3,1,23363,2,48
"East Midlands",81,2011,400,344,5,1,24037,4,56
"East Midlands",81,2012,414,412,8,1,24530,7,2
"East Midlands",81,2013,434,399,20,0,24703,20,35
"East Midlands",82,2002,483,431,1,0,22290,1,52
"East Midlands",82,2003,463,420,4,3,23253,1,43
"East Midlands",82,2004,452,412,0,1,22078,-1,40
"East Midlands",82,2005,391,332,0,1,21035,-1,59
"East Midlands",82,2006,392,378,0,1,21040,-1,14
"East Midlands",82,2007,380,346,4,0,21282,4,34
"East Midlands",82,2008,372,336,2,0,21419,2,36
"East Midlands",82,2009,350,304,2,1,21528,1,46
"East Midlands",82,2010,360,362,0,0,21654,0,-2
"East Midlands",82,2011,318,324,0,1,21891,-1,-6
"East Midlands",82,2012,408,393,9,4,22638,5,15
"East Midlands",82,2013,414,424,15,3,23077,12,-10
"East Midlands",83,2002,341,277,0,0,15821,0,64
"East Midlands",83,2003,469,426,1,1,20454,0,43
"East Midlands",83,2004,500,410,0,2,21428,-2,90
"East Midlands",83,2005,427,376,1,1,20438,0,51
"East Midlands",83,2006,397,338,0,0,19481,0,59
"East Midlands",83,2007,394,381,0,0,19512,0,13
"East Midlands",83,2008,375,365,0,0,19716,0,10
"East Midlands",83,2009,335,316,0,0,19847,0,19
"East Midlands",83,2010,390,383,0,0,20065,0,7
"East Midlands",83,2011,323,309,0,0,20193,0,14
"East Midlands",83,2012,378,344,10,1,20540,9,34
"East Midlands",83,2013,414,386,19,1,21207,18,28
"East Midlands",84,2002,311,265,0,1,12606,-1,46
"East Midlands",84,2003,331,281,6,1,14563,5,50
"East Midlands",84,2004,430,396,1,2,18531,-1,34
"East Midlands",84,2005,411,390,0,3,19508,-3,21
"East Midlands",84,2006,404,378,2,7,18740,-5,26
"East Midlands",84,2007,386,370,3,4,17869,-1,16
"East Midlands",84,2008,337,331,13,2,17917,11,6
"East Midlands",84,2009,341,310,10,2,18178,8,31
"East Midlands",84,2010,358,326,3,2,18402,1,32
"East Midlands",84,2011,356,330,6,4,18541,2,26
"East Midlands",84,2012,382,339,11,0,18737,11,43
"East Midlands",84,2013,442,409,11,0,19055,11,33
"East Midlands",85,2002,338,310,0,2,12513,-2,28
"East Midlands",85,2003,306,249,5,2,11367,3,57
"East Midlands",85,2004,296,245,1,0,13288,1,51
"East Midlands",85,2005,421,387,0,2,16707,-2,34
"East Midlands",85,2006,402,373,4,8,17694,-4,29
"East Midlands",85,2007,384,338,4,6,17088,-2,46
"East Midlands",85,2008,337,301,7,1,16349,6,36
"East Midlands",85,2009,344,319,13,3,16402,10,25
"East Midlands",85,2010,377,375,6,3,16726,3,2
"East Midlands",85,2011,359,328,7,0,16916,7,31
"East Midlands",85,2012,381,356,9,3,17104,6,25
"East Midlands",85,2013,417,380,12,0,17071,12,37
"East Midlands",86,2002,323,293,1,2,11309,-1,30
"East Midlands",86,2003,299,253,2,1,11109,1,46
"East Midlands",86,2004,285,232,0,2,10148,-2,53
"East Midlands",86,2005,290,245,1,1,12066,0,45
"East Midlands",86,2006,420,356,0,3,14901,-3,64
"East Midlands",86,2007,407,393,4,0,15829,4,14
"East Midlands",86,2008,388,349,4,1,15421,3,39
"East Midlands",86,2009,371,313,3,2,14857,1,58
"East Midlands",86,2010,330,316,2,1,14928,1,14
"East Midlands",86,2011,341,324,1,1,15154,0,17
"East Midlands",86,2012,377,364,6,1,15404,5,13
"East Midlands",86,2013,360,340,9,1,15497,8,20
"East Midlands",87,2002,300,287,3,1,10698,2,13
"East Midlands",87,2003,354,285,1,0,9965,1,69
"East Midlands",87,2004,297,268,0,1,9692,-1,29
"East Midlands",87,2005,257,228,0,1,8975,-1,29
"East Midlands",87,2006,206,194,0,3,10819,-3,12
"East Midlands",87,2007,383,331,3,3,13191,0,52
"East Midlands",87,2008,393,360,4,0,14040,4,33
"East Midlands",87,2009,322,291,2,1,13706,1,31
"East Midlands",87,2010,392,329,2,3,13423,-1,63
"East Midlands",87,2011,330,311,1,1,13400,0,19
"East Midlands",87,2012,360,310,13,0,13670,13,50
"East Midlands",87,2013,395,367,9,4,13854,5,28
"East Midlands",88,2002,285,230,1,1,9295,0,55
"East Midlands",88,2003,287,220,2,0,9344,2,67
"East Midlands",88,2004,333,296,1,0,8674,1,37
"East Midlands",88,2005,244,213,0,0,8437,0,31
"East Midlands",88,2006,239,210,0,0,7832,0,29
"East Midlands",88,2007,215,203,4,0,9666,4,12
"East Midlands",88,2008,335,303,0,1,11382,-1,32
"East Midlands",88,2009,332,296,2,0,12288,2,36
"East Midlands",88,2010,360,298,7,0,12217,7,62
"East Midlands",88,2011,329,299,6,0,11934,6,30
"East Midlands",88,2012,369,328,5,1,11942,4,41
"East Midlands",88,2013,361,325,12,2,12128,10,36
"East Midlands",89,2002,329,250,1,0,7697,1,79
"East Midlands",89,2003,306,265,1,0,7913,1,41
"East Midlands",89,2004,278,238,0,0,8035,0,40
"East Midlands",89,2005,246,211,1,1,7406,0,35
"East Midlands",89,2006,222,181,0,1,7262,-1,41
"East Midlands",89,2007,198,179,0,0,6725,0,19
"East Midlands",89,2008,205,201,3,0,8534,3,4
"East Midlands",89,2009,312,286,0,0,9709,0,26
"East Midlands",89,2010,333,287,0,0,10730,0,46
"East Midlands",89,2011,301,281,0,0,10672,0,20
"East Midlands",89,2012,315,288,5,0,10417,5,27
"East Midlands",89,2013,333,312,2,2,10389,0,21
"East Midlands",90,2002,1134,998,0,0,26431,0,136
"East Midlands",90,2003,1185,976,1,3,27323,-2,209
"East Midlands",90,2004,1150,956,2,1,28084,1,194
"East Midlands",90,2005,1134,997,1,0,28829,1,137
"East Midlands",90,2006,1121,953,0,1,28975,-1,168
"East Midlands",90,2007,1075,915,0,1,29186,-1,160
"East Midlands",90,2008,1053,969,0,0,28706,0,84
"East Midlands",90,2009,1148,1040,0,0,29939,0,108
"East Midlands",90,2010,1181,1035,0,0,32170,0,146
"East Midlands",90,2011,1281,1163,0,0,34790,0,118
"East Midlands",90,2012,1377,1262,11,0,36970,11,115
"East Midlands",90,2013,1569,1496,21,1,38373,20,73
"East of England",0,2002,4564,3898,305,256,60303,49,666
"East of England",0,2003,4360,3867,273,152,61898,121,493
"East of England",0,2004,4730,4217,282,273,64344,9,513
"East of England",0,2005,4379,3889,265,99,64775,166,490
"East of England",0,2006,4705,4266,269,251,66081,18,439
"East of England",0,2007,5309,4548,439,325,68261,114,761
"East of England",0,2008,4822,4191,246,212,71656,34,631
"East of England",0,2009,4883,4276,174,172,71228,2,607
"East of England",0,2010,5236,4698,190,86,72057,104,538
"East of England",0,2011,5492,4746,325,119,73033,206,746
"East of England",0,2012,2308,2130,422,110,74446,312,178
"East of England",0,2013,2425,2203,245,83,72766,162,222
"East of England",1,2002,4645,3931,304,244,61860,60,714
"East of England",1,2003,4361,3725,262,154,60967,108,636
"East of England",1,2004,4838,4218,273,259,62324,14,620
"East of England",1,2005,4412,3826,241,100,64842,141,586
"East of England",1,2006,4741,4159,254,222,65153,32,582
"East of England",1,2007,5283,4491,403,304,66985,99,792
"East of England",1,2008,4799,4044,228,182,68989,46,755
"East of England",1,2009,4653,4111,164,161,72106,3,542
"East of England",1,2010,5170,4539,179,72,71749,107,631
"East of England",1,2011,5291,4430,306,117,72836,189,861
"East of England",1,2012,6138,5212,619,131,74420,488,926
"East of England",1,2013,5915,5101,515,121,75623,394,814
"East of England",2,2002,4574,4131,308,257,62756,51,443
"East of England",2,2003,4424,3979,269,136,62414,133,445
"East of England",2,2004,4371,3770,288,255,61427,33,601
"East of England",2,2005,4136,3639,252,121,62737,131,497
"East of England",2,2006,4631,4014,259,230,65260,29,617
"East of England",2,2007,4927,4248,422,300,65770,122,679
"East of England",2,2008,4631,3983,233,186,67781,47,648
"East of England",2,2009,4313,3682,174,169,69613,5,631
"East of England",2,2010,4990,4359,195,89,72790,106,631
"East of England",2,2011,5015,4224,328,126,72557,202,791
"East of England",2,2012,5673,4787,509,129,74106,380,886
"East of England",2,2013,5744,4935,490,91,75621,399,809
"East of England",3,2002,4189,3690,270,226,65099,44,499
"East of England",3,2003,3869,3487,258,136,63370,122,382
"East of England",3,2004,3953,3505,251,235,62900,16,448
"East of England",3,2005,3606,3214,212,105,61785,107,392
"East of England",3,2006,3803,3407,224,217,63008,7,396
"East of England",3,2007,4265,3710,376,275,65731,101,555
"East of England",3,2008,4044,3377,211,168,66305,43,667
"East of England",3,2009,3665,3253,162,144,68342,18,412
"East of England",3,2010,4265,3760,166,80,70200,86,505
"East of England",3,2011,4379,3785,284,115,73497,169,594
"East of England",3,2012,4925,4255,455,139,73543,316,670
"East of England",3,2013,4958,4361,433,144,74997,289,597
"East of England",4,2002,3832,3431,271,224,66499,47,401
"East of England",4,2003,3569,3233,243,141,65795,102,336
"East of England",4,2004,3693,3282,240,234,64004,6,411
"East of England",4,2005,3337,3008,222,93,63463,129,329
"East of England",4,2006,3256,2890,227,210,62087,17,366
"East of England",4,2007,3594,3284,367,272,63270,95,310
"East of England",4,2008,3491,3092,200,176,65975,24,399
"East of England",4,2009,3145,2844,159,143,66454,16,301
"East of England",4,2010,3586,3143,163,81,68958,82,443
"East of England",4,2011,3598,3193,281,117,70763,164,405
"East of England",4,2012,4071,3591,422,167,74230,255,480
"East of England",4,2013,4193,3697,430,119,74363,311,496
"East of England",5,2002,3382,3028,230,168,67944,62,354
"East of England",5,2003,3300,2983,206,82,67068,124,317
"East of England",5,2004,3311,2850,286,221,66420,65,461
"East of England",5,2005,2938,2603,87,149,64324,-62,335
"East of England",5,2006,2811,2573,97,140,63673,-43,238
"East of England",5,2007,2999,2635,292,247,62408,45,364
"East of England",5,2008,2870,2489,183,129,63527,54,381
"East of England",5,2009,2804,2384,232,111,66332,121,420
"East of England",5,2010,2882,2529,212,95,66757,117,353
"East of England",5,2011,2781,2467,147,109,69396,38,314
"East of England",5,2012,3265,2859,355,150,71376,205,406
"East of England",5,2013,3279,2971,346,87,74806,259,308
"East of England",6,2002,3016,2710,217,155,67667,62,306
"East of England",6,2003,3065,2760,193,75,68553,118,305
"East of England",6,2004,2950,2641,274,210,67576,64,309
"East of England",6,2005,2797,2513,87,138,66739,-51,284
"East of England",6,2006,2755,2377,97,139,64777,-42,378
"East of England",6,2007,2760,2498,263,227,63991,36,262
"East of England",6,2008,2487,2156,174,124,62691,50,331
"East of England",6,2009,2385,2148,220,105,63736,115,237
"East of England",6,2010,2535,2319,202,91,66497,111,216
"East of England",6,2011,2464,2308,136,101,66756,35,156
"East of England",6,2012,2854,2514,332,125,69947,207,340
"East of England",6,2013,2779,2574,349,81,71854,268,205
"East of England",7,2002,3000,2679,205,150,67888,55,321
"East of England",7,2003,3004,2624,186,61,68458,125,380
"East of England",7,2004,3042,2665,250,199,69184,51,377
"East of England",7,2005,2696,2378,81,121,67967,-40,318
"East of England",7,2006,2605,2373,90,130,67041,-40,232
"East of England",7,2007,2751,2524,258,214,65164,44,227
"East of England",7,2008,2568,2288,161,120,64347,41,280
"East of England",7,2009,2288,2003,214,106,63007,108,285
"East of England",7,2010,2354,2123,193,86,63965,107,231
"East of England",7,2011,2444,2176,138,99,66592,39,268
"East of England",7,2012,2638,2323,339,88,67322,251,315
"East of England",7,2013,2674,2394,296,72,70451,224,280
"East of England",8,2002,3024,2634,212,152,69999,60,390
"East of England",8,2003,2788,2563,181,71,68461,110,225
"East of England",8,2004,2903,2560,260,216,69038,44,343
"East of England",8,2005,2752,2383,85,128,69620,-43,369
"East of England",8,2006,2642,2299,96,133,68404,-37,343
"East of England",8,2007,2737,2464,274,232,67499,42,273
"East of England",8,2008,2542,2195,167,125,65683,42,347
"East of England",8,2009,2266,2006,217,110,64756,107,260
"East of England",8,2010,2280,2042,196,93,63276,103,238
"East of England",8,2011,2276,2021,137,96,64116,41,255
"East of England",8,2012,2563,2254,342,61,67190,281,309
"East of England",8,2013,2526,2246,263,63,67813,200,280
"East of England",9,2002,2973,2631,213,151,69478,62,342
"East of England",9,2003,2828,2628,182,80,70607,102,200
"East of England",9,2004,2850,2542,240,207,69016,33,308
"East of England",9,2005,2632,2357,70,125,69517,-55,275
"East of England",9,2006,2610,2352,83,116,70029,-33,258
"East of England",9,2007,2810,2495,246,216,68876,30,315
"East of England",9,2008,2521,2250,147,109,67933,38,271
"East of England",9,2009,2205,1987,206,106,66120,100,218
"East of England",9,2010,2275,1987,185,90,65184,95,288
"East of England",9,2011,2200,2015,136,95,63403,41,185
"East of England",9,2012,2371,2179,296,57,64551,239,192
"East of England",9,2013,2375,2148,293,46,67669,247,227
"East of England",10,2002,2858,2600,281,130,71175,151,258
"East of England",10,2003,2630,2373,256,107,70043,149,257
"East of England",10,2004,2858,2583,151,250,71110,-99,275
"East of England",10,2005,2489,2253,199,135,69500,64,236
"East of England",10,2006,2581,2238,228,261,70065,-33,343
"East of England",10,2007,2716,2436,235,172,70560,63,280
"East of England",10,2008,2581,2159,114,158,69382,-44,422
"East of England",10,2009,2126,1860,150,146,68336,4,266
"East of England",10,2010,2217,1993,149,47,66580,102,224
"East of England",10,2011,2088,1912,92,56,65420,36,176
"East of England",10,2012,2259,1973,301,54,63939,247,286
"East of England",10,2013,2220,2050,276,43,64957,233,170
"East of England",11,2002,2727,2429,277,131,72368,146,298
"East of England",11,2003,2733,2416,249,86,71648,163,317
"East of England",11,2004,2628,2359,141,238,70406,-97,269
"East of England",11,2005,2567,2277,176,120,71679,56,290
"East of England",11,2006,2445,2085,210,252,70041,-42,360
"East of England",11,2007,2568,2262,215,174,70631,41,306
"East of England",11,2008,2488,2178,101,147,71004,-46,310
"East of England",11,2009,2218,1990,137,132,69774,5,228
"East of England",11,2010,2251,1976,143,38,68874,105,275
"East of England",11,2011,2104,1927,83,43,66925,40,177
"East of England",11,2012,2173,1988,342,41,65905,301,185
"East of England",11,2013,2114,1923,265,38,64353,227,191
"East of England",12,2002,2662,2466,263,113,71153,150,196
"East of England",12,2003,2696,2485,254,90,72817,164,211
"East of England",12,2004,2826,2531,138,227,71852,-89,295
"East of England",12,2005,2566,2302,179,118,70837,61,264
"East of England",12,2006,2518,2302,211,248,72142,-37,216
"East of England",12,2007,2590,2266,216,170,70636,46,324
"East of England",12,2008,2331,2045,95,139,71096,-44,286
"East of England",12,2009,2224,2002,134,126,71408,8,222
"East of England",12,2010,2208,2014,147,48,70215,99,194
"East of England",12,2011,2094,1914,81,48,69203,33,180
"East of England",12,2012,2360,2106,297,53,67425,244,254
"East of England",12,2013,2095,1942,318,38,66343,280,153
"East of England",13,2002,2450,2285,260,112,70444,148,165
"East of England",13,2003,2356,2117,276,80,71554,196,239
"East of England",13,2004,2421,2257,145,224,72989,-79,164
"East of England",13,2005,2233,2069,177,116,72049,61,164
"East of England",13,2006,2279,2090,194,233,71176,-39,189
"East of England",13,2007,2334,2165,200,162,72659,38,169
"East of England",13,2008,2177,1909,100,136,71091,-36,268
"East of England",13,2009,1956,1748,130,116,71563,14,208
"East of England",13,2010,2024,1923,131,35,71800,96,101
"East of England",13,2011,1926,1839,76,44,70482,32,87
"East of England",13,2012,1967,1857,350,42,69622,308,110
"East of England",13,2013,1879,1761,270,32,67783,238,118
"East of England",14,2002,2395,2436,258,113,70647,145,-41
"East of England",14,2003,2404,2342,303,81,70731,222,62
"East of England",14,2004,2441,2456,128,216,71445,-88,-15
"East of England",14,2005,2411,2375,187,110,73145,77,36
"East of England",14,2006,2333,2340,198,233,72029,-35,-7
"East of England",14,2007,2407,2369,201,153,71432,48,38
"East of England",14,2008,2362,2256,91,130,73006,-39,106
"East of England",14,2009,2086,2049,122,119,71355,3,37
"East of England",14,2010,2084,2049,133,34,71925,99,35
"East of England",14,2011,2092,2140,80,37,71972,43,-48
"East of England",14,2012,2238,2363,312,62,70606,250,-125
"East of England",14,2013,2052,2119,328,45,69836,283,-67
"East of England",15,2002,2036,1885,455,189,68360,266,151
"East of England",15,2003,2102,1903,589,96,71086,493,199
"East of England",15,2004,2122,1973,532,162,71034,370,149
"East of England",15,2005,2034,1839,501,75,71860,426,195
"East of England",15,2006,2137,1879,564,180,73840,384,258
"East of England",15,2007,2206,2118,481,107,72437,374,88
"East of England",15,2008,2009,1814,474,170,72025,304,195
"East of England",15,2009,1957,1835,516,145,73724,371,122
"East of England",15,2010,2003,1877,445,88,71993,357,126
"East of England",15,2011,1812,1727,424,65,72537,359,85
"East of England",15,2012,1972,1917,346,92,72283,254,55
"East of England",15,2013,1901,1789,324,77,70965,247,112
"East of England",16,2002,2015,1908,477,201,66819,276,107
"East of England",16,2003,2105,1961,626,100,68782,526,144
"East of England",16,2004,2157,2098,575,167,71477,408,59
"East of England",16,2005,2194,1934,576,89,71747,487,260
"East of England",16,2006,2166,1990,618,204,72317,414,176
"East of England",16,2007,2279,2030,524,134,74547,390,249
"East of England",16,2008,2080,1864,514,175,72937,339,216
"East of England",16,2009,1947,1774,557,148,72717,409,173
"East of England",16,2010,2077,1912,478,96,74495,382,165
"East of England",16,2011,1965,1841,462,69,72705,393,124
"East of England",16,2012,2024,1880,464,223,72904,241,144
"East of England",16,2013,2124,1952,338,137,72647,201,172
"East of England",17,2002,2818,2603,607,256,67237,351,215
"East of England",17,2003,2692,2571,806,138,67220,668,121
"East of England",17,2004,2757,2748,747,215,68921,532,9
"East of England",17,2005,2815,2675,750,104,71992,646,140
"East of England",17,2006,2816,2804,788,261,72137,527,12
"East of England",17,2007,2979,2845,683,159,72931,524,134
"East of England",17,2008,2811,2770,694,223,74965,471,41
"East of England",17,2009,2730,2604,733,202,73476,531,126
"East of England",17,2010,2613,2612,643,136,73273,507,1
"East of England",17,2011,2606,2600,617,110,75249,507,6
"East of England",17,2012,2752,2743,542,289,72787,253,9
"East of England",17,2013,2569,2620,541,223,73041,318,-51
"East of England",18,2002,3922,4901,936,376,64230,560,-979
"East of England",18,2003,4000,5028,1186,206,66914,980,-1028
"East of England",18,2004,4036,5080,1229,333,66940,896,-1044
"East of England",18,2005,4032,4916,1278,175,68980,1103,-884
"East of England",18,2006,4181,5233,1324,468,71726,856,-1052
"East of England",18,2007,4201,5351,1161,276,71902,885,-1150
"East of England",18,2008,4012,5217,1169,384,72388,785,-1205
"East of England",18,2009,3994,5389,1278,345,74573,933,-1395
"East of England",18,2010,4080,5517,1113,238,72876,875,-1437
"East of England",18,2011,3884,5224,1053,179,73061,874,-1340
"East of England",18,2012,4339,5760,739,453,74139,286,-1421
"East of England",18,2013,3881,5184,728,364,71807,364,-1303
"East of England",19,2002,9853,15187,1369,563,57473,806,-5334
"East of England",19,2003,9796,15796,1694,327,59519,1367,-6000
"East of England",19,2004,9349,15868,1872,515,61699,1357,-6519
"East of England",19,2005,9914,15918,1991,282,62611,1709,-6004
"East of England",19,2006,10383,17244,2013,733,63331,1280,-6861
"East of England",19,2007,10127,16984,1798,470,66286,1328,-6857
"East of England",19,2008,9626,16877,1821,590,65954,1231,-7251
"East of England",19,2009,10252,17588,1990,572,66589,1418,-7336
"East of England",19,2010,10691,18361,1733,407,68502,1326,-7670
"East of England",19,2011,10109,17710,1624,291,66888,1333,-7601
"East of England",19,2012,11379,19822,1093,649,65284,444,-8443
"East of England",19,2013,10413,17807,1101,547,67359,554,-7394
"East of England",20,2002,7710,10531,1561,1116,55933,445,-2821
"East of England",20,2003,7712,10518,1603,890,55697,713,-2806
"East of England",20,2004,7499,10384,2054,1064,57627,990,-2885
"East of England",20,2005,7912,10541,2238,653,60580,1585,-2629
"East of England",20,2006,7598,10333,2364,1036,61133,1328,-2735
"East of England",20,2007,7383,9862,2241,1148,61847,1093,-2479
"East of England",20,2008,7714,10358,1698,693,64650,1005,-2644
"East of England",20,2009,7913,10786,1798,1376,63600,422,-2873
"East of England",20,2010,8026,10986,2115,708,65108,1407,-2960
"East of England",20,2011,7766,10913,2077,881,66858,1196,-3147
"East of England",20,2012,9198,12107,1299,944,64615,355,-2909
"East of England",20,2013,8360,9538,1362,742,64771,620,-1178
"East of England",21,2002,8626,8000,1860,1334,61212,526,626
"East of England",21,2003,8604,7826,1870,1048,58019,822,778
"East of England",21,2004,8476,7985,2453,1295,57548,1158,491
"East of England",21,2005,8754,8095,2677,769,60044,1908,659
"East of England",21,2006,9166,8206,2823,1245,62917,1578,960
"East of England",21,2007,9085,8130,2702,1348,63366,1354,955
"East of England",21,2008,9358,8062,2063,820,64240,1243,1296
"East of England",21,2009,9638,8891,2183,1655,65894,528,747
"East of England",21,2010,8729,7672,2590,837,66416,1753,1057
"East of England",21,2011,8503,7582,2558,1058,67638,1500,921
"East of England",21,2012,9615,8382,1324,1058,68574,266,1233
"East of England",21,2013,9655,7714,1319,911,66886,408,1941
"East of England",22,2002,10163,8536,2134,1579,63470,555,1627
"East of England",22,2003,10115,8947,2178,1273,63598,905,1168
"East of England",22,2004,9803,8647,2845,1544,60839,1301,1156
"East of England",22,2005,11499,9651,3138,914,61841,2224,1848
"East of England",22,2006,11779,9661,3281,1442,63846,1839,2118
"East of England",22,2007,12048,9595,3154,1590,66721,1564,2453
"East of England",22,2008,11994,9803,2401,996,66891,1405,2191
"East of England",22,2009,12711,10229,2528,1953,67179,575,2482
"East of England",22,2010,12738,10372,2985,984,70275,2001,2366
"East of England",22,2011,12665,9584,2959,1235,71369,1724,3081
"East of England",22,2012,11555,9359,1583,1276,70402,307,2196
"East of England",22,2013,11555,8987,1681,1131,71581,550,2568
"East of England",23,2002,9448,8266,2050,1527,62519,523,1182
"East of England",23,2003,9622,8616,2056,1223,65597,833,1006
"East of England",23,2004,9545,8500,2703,1491,65977,1212,1045
"East of England",23,2005,10246,9004,3024,873,64546,2151,1242
"East of England",23,2006,10834,9271,3200,1394,65328,1806,1563
"East of England",23,2007,10945,9200,3062,1480,66986,1582,1745
"East of England",23,2008,11102,9253,2300,942,69733,1358,1849
"East of England",23,2009,11423,9617,2399,1862,69123,537,1806
"East of England",23,2010,11174,9483,2832,904,70666,1928,1691
"East of England",23,2011,11971,9695,2802,1121,74287,1681,2276
"East of England",23,2012,10354,8872,1788,1435,73320,353,1482
"East of England",23,2013,10502,8677,1771,1253,72599,518,1825
"East of England",24,2002,7838,7244,1997,1475,59783,522,594
"East of England",24,2003,8454,8081,1956,1174,64027,782,373
"East of England",24,2004,8547,7990,2597,1458,67414,1139,557
"East of England",24,2005,8776,8398,2910,816,68561,2094,378
"East of England",24,2006,8973,8354,3080,1313,67157,1767,619
"East of England",24,2007,9141,8350,2932,1388,67689,1544,791
"East of England",24,2008,8973,8083,2195,872,68928,1323,890
"East of England",24,2009,9159,8522,2272,1762,70600,510,637
"East of England",24,2010,9285,8342,2653,824,71695,1829,943
"East of England",24,2011,9303,8309,2633,1017,73069,1616,994
"East of England",24,2012,9043,8388,1618,1468,75250,150,655
"East of England",24,2013,8745,8145,1595,1260,74115,335,600
"East of England",25,2002,7362,7091,1833,1371,60269,462,271
"East of England",25,2003,7496,7142,1922,1230,61008,692,354
"East of England",25,2004,7856,7644,1978,1364,65060,614,212
"East of England",25,2005,8243,8105,2664,1075,69325,1589,138
"East of England",25,2006,8258,7998,2155,1373,69718,782,260
"East of England",25,2007,8515,8046,2523,1576,68834,947,469
"East of England",25,2008,8131,7823,2360,1680,68785,680,308
"East of England",25,2009,8361,7989,2048,1997,69176,51,372
"East of England",25,2010,8375,7927,2183,1225,71727,958,448
"East of England",25,2011,8371,7914,2129,1285,72913,844,457
"East of England",25,2012,8146,7871,1523,1370,73577,153,275
"East of England",25,2013,8304,8130,1568,1232,75542,336,174
"East of England",26,2002,7545,7111,1734,1275,61757,459,434
"East of England",26,2003,7535,7102,1815,1120,61593,695,433
"East of England",26,2004,7173,6896,1895,1303,61868,592,277
"East of England",26,2005,7598,7660,2542,1059,66771,1483,-62
"East of England",26,2006,8058,7965,2052,1329,70366,723,93
"East of England",26,2007,8169,7926,2398,1468,71080,930,243
"East of England",26,2008,7982,7462,2237,1562,70309,675,520
"East of England",26,2009,7717,7506,1947,1836,69226,111,211
"East of England",26,2010,7946,7345,2069,1106,70493,963,601
"East of England",26,2011,7843,7511,2029,1179,72755,850,332
"East of England",26,2012,7911,7617,1486,1351,73255,135,294
"East of England",26,2013,7673,7574,1426,1099,73751,327,99
"East of England",27,2002,7699,7220,1613,1098,64943,515,479
"East of England",27,2003,7435,6943,1659,971,63096,688,492
"East of England",27,2004,7296,6970,1718,1113,62429,605,326
"East of England",27,2005,6987,6921,2331,902,63362,1429,66
"East of England",27,2006,7540,7393,1870,1190,67760,680,147
"East of England",27,2007,7906,7830,2199,1285,71433,914,76
"East of England",27,2008,7836,7463,2052,1368,72163,684,373
"East of England",27,2009,7635,7308,1791,1620,71033,171,327
"East of England",27,2010,7279,6951,1886,998,70441,888,328
"East of England",27,2011,7446,7100,1875,1065,71371,810,346
"East of England",27,2012,7701,7305,1269,1243,73076,26,396
"East of England",27,2013,7616,7374,1292,962,73535,330,242
"East of England",28,2002,7752,7250,1554,1058,68089,496,502
"East of England",28,2003,7603,7135,1613,934,66301,679,468
"East of England",28,2004,7126,6894,1655,1036,64006,619,232
"East of England",28,2005,6898,6545,2267,850,64331,1417,353
"East of England",28,2006,7047,6662,1838,1131,64589,707,385
"East of England",28,2007,7861,7507,2163,1212,69346,951,354
"East of England",28,2008,7574,7143,2010,1286,72739,724,431
"East of England",28,2009,7344,6959,1742,1549,72908,193,385
"East of England",28,2010,7412,6989,1846,946,72638,900,423
"East of England",28,2011,7304,6711,1834,1008,72021,826,593
"East of England",28,2012,7585,7072,1222,1195,71836,27,513
"East of England",28,2013,7577,7235,1078,982,73360,96,342
"East of England",29,2002,7787,7116,1458,954,72330,504,671
"East of England",29,2003,7559,7008,1499,829,69441,670,551
"East of England",29,2004,7558,6914,1542,937,67491,605,644
"East of England",29,2005,7001,6591,2056,770,65844,1286,410
"East of England",29,2006,6906,6603,1691,1010,65316,681,303
"East of England",29,2007,7169,6817,1987,1085,65763,902,352
"East of England",29,2008,7315,6801,1838,1159,70713,679,514
"East of England",29,2009,7387,6898,1628,1388,73607,240,489
"East of England",29,2010,7322,6797,1725,853,74344,872,525
"East of England",29,2011,7088,6472,1689,915,74283,774,616
"East of England",29,2012,7468,6795,1086,1047,72608,39,673
"East of England",29,2013,7489,6860,1042,759,72554,283,629
"East of England",30,2002,7913,7072,1082,1007,76459,75,841
"East of England",30,2003,7488,6822,1155,761,73416,394,666
"East of England",30,2004,7448,6816,1256,1350,69929,-94,632
"East of England",30,2005,6877,6293,1516,669,68937,847,584
"East of England",30,2006,6937,6370,1561,1089,66943,472,567
"East of England",30,2007,7193,6569,1298,1247,65966,51,624
"East of England",30,2008,6702,6111,1513,837,67032,676,591
"East of England",30,2009,6894,6276,1535,1227,71787,308,618
"East of England",30,2010,7301,6557,1173,772,74841,401,744
"East of England",30,2011,7013,6393,1138,877,75335,261,620
"East of England",30,2012,7547,6798,971,1058,74834,-87,749
"East of England",30,2013,7379,6623,904,725,73404,179,756
"East of England",31,2002,7756,6878,962,916,78986,46,878
"East of England",31,2003,7533,6633,1039,685,77789,354,900
"East of England",31,2004,7628,6822,1113,1188,74136,-75,806
"East of England",31,2005,6885,6344,1333,591,71350,742,541
"East of England",31,2006,6959,6327,1374,959,70031,415,632
"East of England",31,2007,7155,6475,1142,1119,67796,23,680
"East of England",31,2008,6666,5843,1372,773,67437,599,823
"East of England",31,2009,6226,5743,1379,1111,67850,268,483
"East of England",31,2010,6740,6016,1055,717,73114,338,724
"East of England",31,2011,6892,6145,1025,783,76056,242,747
"East of England",31,2012,7363,6442,862,873,76060,-11,921
"East of England",31,2013,7341,6564,895,787,75534,108,777
"East of England",32,2002,6995,6216,910,877,78965,33,779
"East of England",32,2003,7288,6525,975,677,80224,298,763
"East of England",32,2004,7357,6535,1042,1109,78404,-67,822
"East of England",32,2005,6775,6230,1256,567,75333,689,545
"East of England",32,2006,6418,5908,1283,891,72292,392,510
"East of England",32,2007,6813,6017,1077,1077,70867,0,796
"East of England",32,2008,6460,5751,1276,713,69111,563,709
"East of England",32,2009,5733,5099,1277,997,68374,280,634
"East of England",32,2010,5857,5280,985,681,68719,304,577
"East of England",32,2011,6384,5531,962,748,74414,214,853
"East of England",32,2012,7118,6135,803,800,76865,3,983
"East of England",32,2013,7002,6220,759,694,76771,65,782
"East of England",33,2002,7019,6150,818,769,81881,49,869
"East of England",33,2003,6487,5762,875,604,79983,271,725
"East of England",33,2004,6985,6036,930,996,80970,-66,949
"East of England",33,2005,6381,6009,1101,504,79231,597,372
"East of England",33,2006,6488,5989,1134,792,76129,342,499
"East of England",33,2007,6612,5933,960,949,73026,11,679
"East of England",33,2008,6189,5348,1145,633,72209,512,841
"East of England",33,2009,5407,4892,1168,883,70021,285,515
"East of England",33,2010,5556,5094,878,611,69089,267,462
"East of England",33,2011,5619,4974,858,666,69626,192,645
"East of England",33,2012,6582,5757,725,780,75015,-55,825
"East of England",33,2013,6643,5783,652,615,77595,37,860
"East of England",34,2002,6409,5620,792,759,83163,33,789
"East of England",34,2003,6395,5669,858,595,82869,263,726
"East of England",34,2004,6288,5654,899,920,80479,-21,634
"East of England",34,2005,6194,5643,1064,497,82063,567,551
"East of England",34,2006,6267,5600,1103,768,80160,335,667
"East of England",34,2007,6477,5833,943,914,76853,29,644
"East of England",34,2008,5775,5174,1114,602,74212,512,601
"East of England",34,2009,5215,4684,1127,849,73073,278,531
"East of England",34,2010,5233,4635,867,577,71023,290,598
"East of England",34,2011,5125,4445,831,634,70113,197,680
"East of England",34,2012,5936,4866,600,716,70458,-116,1070
"East of England",34,2013,6262,5363,608,533,75843,75,899
"East of England",35,2002,6064,5394,764,589,85775,175,670
"East of England",35,2003,5956,5196,877,654,84076,223,760
"East of England",35,2004,6095,5432,807,584,83504,223,663
"East of England",35,2005,5635,5185,1091,515,81349,576,450
"East of England",35,2006,6091,5549,1105,822,82865,283,542
"East of England",35,2007,6218,5553,1035,718,81022,317,665
"East of England",35,2008,5518,4965,888,605,77589,283,553
"East of England",35,2009,4902,4477,913,751,74826,162,425
"East of England",35,2010,5248,4605,762,546,73930,216,643
"East of England",35,2011,4944,4370,706,691,71750,15,574
"East of England",35,2012,5268,4604,546,633,70525,-87,664
"East of England",35,2013,5383,4730,502,530,70906,-28,653
"East of England",36,2002,5654,4988,722,540,86787,182,666
"East of England",36,2003,5657,5105,809,609,86463,200,552
"East of England",36,2004,5661,5033,731,546,84670,185,628
"East of England",36,2005,5449,5034,982,471,84315,511,415
"East of England",36,2006,5495,4905,997,777,82103,220,590
"East of England",36,2007,5886,5236,946,659,83783,287,650
"East of England",36,2008,5162,4704,806,561,81580,245,458
"East of England",36,2009,4782,4135,832,693,78342,139,647
"East of England",36,2010,4929,4330,692,508,75644,184,599
"East of England",36,2011,4860,4218,645,636,74668,9,642
"East of England",36,2012,4976,4385,553,603,72142,-50,591
"East of England",36,2013,5077,4387,537,467,71172,70,690
"East of England",37,2002,5244,4670,662,500,86992,162,574
"East of England",37,2003,5348,4832,749,553,87426,196,516
"East of England",37,2004,5286,4692,682,507,87006,175,594
"East of England",37,2005,5046,4591,935,436,85484,499,455
"East of England",37,2006,5171,4617,949,733,84989,216,554
"East of England",37,2007,5442,4858,887,619,82846,268,584
"East of England",37,2008,5297,4587,762,549,84661,213,710
"East of England",37,2009,4492,3963,786,678,82108,108,529
"East of England",37,2010,4702,4219,654,476,78898,178,483
"East of England",37,2011,4487,4012,607,601,76248,6,475
"East of England",37,2012,4776,4211,509,540,75033,-31,565
"East of England",37,2013,4690,3989,445,448,72759,-3,701
"East of England",38,2002,4920,4357,640,502,86142,138,563
"East of England",38,2003,4950,4396,726,547,87689,179,554
"East of England",38,2004,5039,4528,659,497,87925,162,511
"East of England",38,2005,4821,4393,874,433,87683,441,428
"East of England",38,2006,4714,4193,908,699,86106,209,521
"East of England",38,2007,5152,4574,846,591,85651,255,578
"East of England",38,2008,4707,4135,730,530,83494,200,572
"East of England",38,2009,4216,3783,758,655,85193,103,433
"East of England",38,2010,4558,4069,631,479,82636,152,489
"East of England",38,2011,4254,3854,580,585,79351,-5,400
"East of England",38,2012,4527,4036,427,485,76517,-58,491
"East of England",38,2013,4402,3811,417,381,75504,36,591
"East of England",39,2002,4373,3986,586,464,84511,122,387
"East of England",39,2003,4480,4054,649,470,86593,179,426
"East of England",39,2004,4746,4110,577,437,88143,140,636
"East of England",39,2005,4584,4091,789,370,88504,419,493
"East of England",39,2006,4630,4130,805,623,88032,182,500
"East of England",39,2007,4777,4347,751,535,86395,216,430
"East of England",39,2008,4569,4037,647,451,86062,196,532
"East of England",39,2009,3970,3629,663,578,83663,85,341
"East of England",39,2010,4285,3856,555,417,85552,138,429
"East of England",39,2011,4055,3608,525,505,82901,20,447
"East of England",39,2012,4561,3972,442,509,79762,-67,589
"East of England",39,2013,4318,3789,455,370,77016,85,529
"East of England",40,2002,4187,3703,634,471,83225,163,484
"East of England",40,2003,4159,3695,443,504,84925,-61,464
"East of England",40,2004,4235,3985,424,624,86611,-200,250
"East of England",40,2005,4176,3759,673,328,88774,345,417
"East of England",40,2006,4351,3856,681,748,88801,-67,495
"East of England",40,2007,4505,4152,753,685,88216,68,353
"East of England",40,2008,4124,3638,592,653,86608,-61,486
"East of England",40,2009,3801,3373,725,571,86474,154,428
"East of England",40,2010,3922,3531,599,560,83972,39,391
"East of England",40,2011,4000,3538,324,477,85894,-153,462
"East of England",40,2012,4105,3672,407,473,83152,-66,433
"East of England",40,2013,4035,3541,416,339,80209,77,494
"East of England",41,2002,3832,3427,574,444,81461,130,405
"East of England",41,2003,3795,3506,409,455,83460,-46,289
"East of England",41,2004,4084,3585,374,556,85097,-182,499
"East of England",41,2005,3900,3485,622,304,87194,318,415
"East of England",41,2006,4118,3705,608,692,88901,-84,413
"East of England",41,2007,4246,3877,674,603,89010,71,369
"East of England",41,2008,3986,3600,523,584,88292,-61,386
"East of England",41,2009,3465,3152,655,519,86869,136,313
"East of England",41,2010,3765,3407,532,504,86642,28,358
"East of England",41,2011,3552,3282,291,424,84002,-133,270
"East of England",41,2012,4215,3648,386,501,86161,-115,567
"East of England",41,2013,3839,3426,365,310,83473,55,413
"East of England",42,2002,3380,2990,515,400,77878,115,390
"East of England",42,2003,3582,3206,381,415,81686,-34,376
"East of England",42,2004,3693,3390,352,476,83584,-124,303
"East of England",42,2005,3677,3253,549,282,85627,267,424
"East of England",42,2006,3708,3415,545,610,87327,-65,293
"East of England",42,2007,4077,3646,608,558,89221,50,431
"East of England",42,2008,3746,3462,477,525,89042,-48,284
"East of England",42,2009,3348,3061,598,458,88497,140,287
"East of England",42,2010,3442,3174,481,449,86920,32,268
"East of England",42,2011,3479,3146,270,378,86718,-108,333
"East of England",42,2012,3714,3362,369,390,84198,-21,352
"East of England",42,2013,3832,3483,331,285,86427,46,349
"East of England",43,2002,3178,2776,496,366,76681,130,402
"East of England",43,2003,3106,3017,354,363,77837,-9,89
"East of England",43,2004,3328,3113,311,448,81591,-137,215
"East of England",43,2005,3374,3094,502,249,84003,253,280
"East of England",43,2006,3532,3169,501,560,85779,-59,363
"East of England",43,2007,3711,3355,557,516,87591,41,356
"East of England",43,2008,3531,3231,426,479,89214,-53,300
"East of England",43,2009,3265,2959,529,427,89229,102,306
"East of England",43,2010,3476,3104,438,410,88605,28,372
"East of England",43,2011,3227,2964,250,337,86934,-87,263
"East of England",43,2012,3501,3160,305,370,86862,-65,341
"East of England",43,2013,3436,3151,328,267,84396,61,285
"East of England",44,2002,2865,2658,446,343,75650,103,207
"East of England",44,2003,2882,2688,319,332,76727,-13,194
"East of England",44,2004,3201,2929,276,402,77827,-126,272
"East of England",44,2005,3146,2968,458,213,81804,245,178
"East of England",44,2006,3263,2955,439,515,84172,-76,308
"East of England",44,2007,3448,3218,498,450,85863,48,230
"East of England",44,2008,3399,3077,391,440,87657,-49,322
"East of England",44,2009,3021,2779,483,381,89351,102,242
"East of England",44,2010,3304,3088,397,373,89201,24,216
"East of England",44,2011,3256,3089,221,314,88390,-93,167
"East of England",44,2012,3568,3207,330,361,87029,-31,361
"East of England",44,2013,3334,3120,370,241,87084,129,214
"East of England",45,2002,2681,2498,280,586,72675,-306,183
"East of England",45,2003,2790,2532,291,161,75884,130,258
"East of England",45,2004,3035,2753,345,402,76814,-57,282
"East of England",45,2005,2837,2624,346,294,77900,52,213
"East of England",45,2006,3075,2844,292,251,81912,41,231
"East of England",45,2007,3156,3040,278,560,83901,-282,116
"East of England",45,2008,3217,2859,344,282,86140,62,358
"East of England",45,2009,2900,2651,498,464,87806,34,249
"East of England",45,2010,3059,2844,330,227,89446,103,215
"East of England",45,2011,3004,2858,294,259,89185,35,146
"East of England",45,2012,3314,3046,308,298,88494,10,268
"East of England",45,2013,3257,3006,312,238,87195,74,251
"East of England",46,2002,2431,2313,244,536,70532,-292,118
"East of England",46,2003,2472,2366,262,154,72746,108,106
"East of England",46,2004,2663,2566,304,351,75742,-47,97
"East of England",46,2005,2639,2517,301,274,76779,27,122
"East of England",46,2006,2748,2488,253,222,78010,31,260
"East of England",46,2007,3164,2911,249,511,81712,-262,253
"East of England",46,2008,3000,2701,313,265,84138,48,299
"East of England",46,2009,2700,2529,445,427,86147,18,171
"East of England",46,2010,2950,2735,296,187,87959,109,215
"East of England",46,2011,2929,2798,254,230,89349,24,131
"East of England",46,2012,3195,2953,300,304,89239,-4,242
"East of England",46,2013,3159,2968,287,220,88614,67,191
"East of England",47,2002,2325,2110,212,468,69231,-256,215
"East of England",47,2003,2345,2240,235,143,70604,92,105
"East of England",47,2004,2565,2392,272,319,72666,-47,173
"East of England",47,2005,2467,2305,272,237,75695,35,162
"East of England",47,2006,2616,2395,224,197,76894,27,221
"East of England",47,2007,2863,2671,228,459,77771,-231,192
"East of England",47,2008,2768,2509,270,227,81812,43,259
"East of England",47,2009,2623,2393,396,380,84297,16,230
"East of England",47,2010,2787,2610,263,162,86234,101,177
"East of England",47,2011,2769,2600,229,199,88014,30,169
"East of England",47,2012,2951,2914,284,277,89239,7,37
"East of England",47,2013,3120,2873,252,162,89436,90,247
"East of England",48,2002,2351,2218,215,457,69797,-242,133
"East of England",48,2003,2309,2171,229,135,69214,94,138
"East of England",48,2004,2366,2218,274,308,70596,-34,148
"East of England",48,2005,2285,2152,272,236,72665,36,133
"East of England",48,2006,2491,2370,230,189,75658,41,121
"East of England",48,2007,2688,2563,215,446,76578,-231,125
"East of England",48,2008,2617,2417,272,218,77797,54,200
"East of England",48,2009,2415,2310,381,355,81715,26,105
"East of England",48,2010,2653,2488,257,160,84452,97,165
"East of England",48,2011,2684,2463,225,189,86294,36,221
"East of England",48,2012,2969,2798,299,223,88061,76,171
"East of England",48,2013,2924,2817,242,196,89203,46,107
"East of England",49,2002,2317,2152,193,421,69015,-228,165
"East of England",49,2003,2288,2165,231,127,69819,104,123
"East of England",49,2004,2241,2100,248,297,69018,-49,141
"East of England",49,2005,2149,2087,253,216,70556,37,62
"East of England",49,2006,2416,2301,214,175,72632,39,115
"East of England",49,2007,2599,2489,211,408,75373,-197,110
"East of England",49,2008,2486,2333,254,204,76620,50,153
"East of England",49,2009,2217,2063,366,327,77798,39,154
"East of England",49,2010,2539,2379,235,151,81752,84,160
"East of England",49,2011,2556,2463,215,176,84450,39,93
"East of England",49,2012,2936,2726,229,243,86319,-14,210
"East of England",49,2013,2830,2641,262,158,88154,104,189
"East of England",50,2002,2142,2060,159,155,68716,4,82
"East of England",50,2003,2172,2100,212,247,68862,-35,72
"East of England",50,2004,2335,2232,97,224,69604,-127,103
"East of England",50,2005,2163,2018,262,191,68952,71,145
"East of England",50,2006,2182,2127,220,331,70399,-111,55
"East of England",50,2007,2536,2324,148,224,72596,-76,212
"East of England",50,2008,2388,2190,288,184,75467,104,198
"East of England",50,2009,2301,2076,228,203,76729,25,225
"East of England",50,2010,2440,2298,98,115,77750,-17,142
"East of England",50,2011,2409,2312,252,206,81685,46,97
"East of England",50,2012,2775,2648,259,229,84449,30,127
"East of England",50,2013,2791,2568,263,181,86472,82,223
"East of England",51,2002,2128,2044,168,171,69098,-3,84
"East of England",51,2003,2161,2024,207,252,68601,-45,137
"East of England",51,2004,2262,2177,107,233,68712,-126,85
"East of England",51,2005,2088,2005,279,183,69650,96,83
"East of England",51,2006,2123,1994,227,343,68751,-116,129
"East of England",51,2007,2408,2270,165,231,70344,-66,138
"East of England",51,2008,2294,2197,289,186,72615,103,97
"East of England",51,2009,2101,1965,231,224,75434,7,136
"East of England",51,2010,2267,2109,112,115,76712,-3,158
"East of England",51,2011,2286,2139,252,212,77746,40,147
"East of England",51,2012,2531,2429,262,210,81659,52,102
"East of England",51,2013,2608,2525,206,169,84385,37,83
"East of England",52,2002,2166,2027,159,141,71672,18,139
"East of England",52,2003,2117,2063,199,240,68823,-41,54
"East of England",52,2004,2141,2081,100,216,68230,-116,60
"East of England",52,2005,2038,1905,261,168,68707,93,133
"East of England",52,2006,1999,1879,217,322,69427,-105,120
"East of England",52,2007,2328,2182,152,198,68573,-46,146
"East of England",52,2008,2146,2034,272,174,70366,98,112
"East of England",52,2009,1877,1709,216,202,72566,14,168
"East of England",52,2010,2105,2067,99,116,75166,-17,38
"East of England",52,2011,2208,2170,234,208,76539,26,38
"East of England",52,2012,2410,2310,202,190,77689,12,100
"East of England",52,2013,2502,2364,208,155,81643,53,138
"East of England",53,2002,2367,2215,151,152,74287,-1,152
"East of England",53,2003,2046,1956,202,243,71445,-41,90
"East of England",53,2004,2192,2017,95,234,68566,-139,175
"East of England",53,2005,2026,1856,251,162,68224,89,170
"East of England",53,2006,2089,1930,218,330,68547,-112,159
"East of England",53,2007,2268,2205,145,206,69230,-61,63
"East of England",53,2008,1996,1921,271,168,68488,103,75
"East of England",53,2009,1842,1755,224,205,70332,19,87
"East of England",53,2010,1982,1849,99,115,72443,-16,133
"East of England",53,2011,2091,1989,239,212,75030,27,102
"East of England",53,2012,2307,2251,182,176,76385,6,56
"East of England",53,2013,2326,2299,206,124,77566,82,27
"East of England",54,2002,2338,2250,144,151,81265,-7,88
"East of England",54,2003,2214,2095,202,227,74052,-25,119
"East of England",54,2004,2098,2011,93,221,71085,-128,87
"East of England",54,2005,1969,1774,255,159,68551,96,195
"East of England",54,2006,1972,1838,208,337,67919,-129,134
"East of England",54,2007,2220,2121,150,205,68364,-55,99
"East of England",54,2008,1968,1851,273,168,69184,105,117
"East of England",54,2009,1665,1580,216,189,68303,27,85
"East of England",54,2010,1872,1816,99,109,70162,-10,56
"East of England",54,2011,1965,1871,235,197,72277,38,94
"East of England",54,2012,2216,2152,192,141,74917,51,64
"East of England",54,2013,2253,2196,196,139,76258,57,57
"East of England",55,2002,2609,2455,149,229,88067,-80,154
"East of England",55,2003,2386,2255,102,297,80733,-195,131
"East of England",55,2004,2239,2176,198,338,73634,-140,63
"East of England",55,2005,1953,1805,136,163,70886,-27,148
"East of England",55,2006,2101,1872,136,183,68437,-47,229
"East of England",55,2007,2268,2104,98,205,67678,-107,164
"East of England",55,2008,1968,1898,101,244,68073,-143,70
"East of England",55,2009,1624,1538,135,79,69060,56,86
"East of England",55,2010,1864,1770,141,83,68166,58,94
"East of England",55,2011,1867,1730,154,148,70136,6,137
"East of England",55,2012,2117,2002,185,131,72192,54,115
"East of England",55,2013,2238,2130,181,121,74866,60,108
"East of England",56,2002,2022,1923,146,229,70174,-83,99
"East of England",56,2003,2572,2399,104,293,87892,-189,173
"East of England",56,2004,2376,2255,200,329,80215,-129,121
"East of England",56,2005,1962,1788,138,159,73420,-21,174
"East of England",56,2006,1974,1870,143,181,70570,-38,104
"East of England",56,2007,2246,2139,107,201,68109,-94,107
"East of England",56,2008,2016,1780,103,235,67410,-132,236
"East of England",56,2009,1653,1508,134,69,68039,65,145
"East of England",56,2010,1828,1742,153,81,68940,72,86
"East of England",56,2011,1748,1668,168,126,67972,42,80
"East of England",56,2012,2052,1860,186,142,70121,44,192
"East of England",56,2013,2061,1938,167,108,72112,59,123
"East of England",57,2002,1903,1694,132,207,67947,-75,209
"East of England",57,2003,2078,1945,92,262,69671,-170,133
"East of England",57,2004,2723,2518,181,301,87763,-120,205
"East of England",57,2005,2123,1947,120,144,79801,-24,176
"East of England",57,2006,2087,1903,120,167,73185,-47,184
"East of England",57,2007,2341,2225,95,167,70253,-72,116
"East of England",57,2008,1845,1641,99,219,67824,-120,204
"East of England",57,2009,1596,1511,114,73,67185,41,85
"East of England",57,2010,1788,1694,132,77,67875,55,94
"East of England",57,2011,1775,1692,146,111,68754,35,83
"East of England",57,2012,1915,1761,166,131,67860,35,154
"East of England",57,2013,1963,1934,169,134,69908,35,29
"East of England",58,2002,1977,1842,102,164,66190,-62,135
"East of England",58,2003,1850,1732,70,218,67382,-148,118
"East of England",58,2004,2093,1917,149,238,69233,-89,176
"East of England",58,2005,2318,2115,103,128,87711,-25,203
"East of England",58,2006,2222,2063,105,136,79421,-31,159
"East of England",58,2007,2349,2137,82,159,72911,-77,212
"East of England",58,2008,1980,1770,68,185,69950,-117,210
"East of England",58,2009,1511,1419,97,61,67586,36,92
"East of England",58,2010,1704,1584,106,68,66933,38,120
"East of England",58,2011,1691,1616,117,101,67653,16,75
"East of England",58,2012,1857,1689,170,156,68615,14,168
"East of England",58,2013,1783,1758,165,128,67611,37,25
"East of England",59,2002,1784,1630,110,162,63177,-52,154
"East of England",59,2003,1884,1749,76,208,65841,-132,135
"East of England",59,2004,1946,1758,150,253,66938,-103,188
"East of England",59,2005,1821,1689,104,130,68765,-26,132
"East of England",59,2006,2358,2175,99,127,87638,-28,183
"East of England",59,2007,2381,2192,81,136,78993,-55,189
"East of England",59,2008,1969,1851,76,191,72442,-115,118
"East of England",59,2009,1442,1372,96,62,69617,34,70
"East of England",59,2010,1642,1598,103,73,67267,30,44
"East of England",59,2011,1621,1520,118,101,66643,17,101
"East of England",59,2012,1835,1721,175,151,67475,24,114
"East of England",59,2013,1914,1789,145,101,68450,44,125
"East of England",60,2002,1737,1506,108,120,55718,-12,231
"East of England",60,2003,1871,1685,94,89,62875,5,186
"East of England",60,2004,2060,1759,78,140,65669,-62,301
"East of England",60,2005,1809,1638,223,307,66422,-84,171
"East of England",60,2006,1909,1717,134,276,68236,-142,192
"East of England",60,2007,2908,2606,116,579,87183,-463,302
"East of England",60,2008,2212,2019,64,27,78582,37,193
"East of England",60,2009,1628,1466,119,91,72156,28,162
"East of England",60,2010,1772,1687,138,62,69321,76,85
"East of England",60,2011,1706,1634,109,84,66918,25,72
"East of England",60,2012,1944,1834,134,139,66410,-5,110
"East of England",60,2013,1792,1702,169,94,67282,75,90
"East of England",61,2002,1497,1328,105,108,51059,-3,169
"East of England",61,2003,1643,1494,88,67,55445,21,149
"East of England",61,2004,1879,1676,85,132,62536,-47,203
"East of England",61,2005,1774,1627,209,287,65329,-78,147
"East of England",61,2006,1891,1691,128,261,65889,-133,200
"East of England",61,2007,2107,1894,114,534,67440,-420,213
"East of England",61,2008,2435,2170,60,25,87098,35,265
"East of England",61,2009,1589,1441,123,89,78128,34,148
"East of England",61,2010,1807,1698,119,63,71819,56,109
"East of England",61,2011,1623,1525,104,83,68906,21,98
"East of England",61,2012,1822,1709,153,145,66641,8,113
"East of England",61,2013,1812,1691,165,114,66150,51,121
"East of England",62,2002,1577,1407,91,88,53584,3,170
"East of England",62,2003,1350,1171,84,64,50697,20,179
"East of England",62,2004,1602,1467,71,105,55044,-34,135
"East of England",62,2005,1624,1449,181,246,62151,-65,175
"East of England",62,2006,1757,1549,94,209,65008,-115,208
"East of England",62,2007,1943,1765,91,437,65075,-346,178
"East of England",62,2008,1796,1600,48,23,67083,25,196
"East of England",62,2009,1673,1504,103,79,86957,24,169
"East of England",62,2010,1821,1751,100,56,77544,44,70
"East of England",62,2011,1644,1586,88,70,71373,18,58
"East of England",62,2012,1853,1687,172,154,68659,18,166
"East of England",62,2013,1744,1606,154,114,66358,40,138
"East of England",63,2002,1590,1335,76,83,54165,-7,255
"East of England",63,2003,1386,1319,78,54,53145,24,67
"East of England",63,2004,1389,1217,66,101,50234,-35,172
"East of England",63,2005,1370,1236,168,230,54631,-62,134
"East of England",63,2006,1567,1413,94,192,61648,-98,154
"East of England",63,2007,1930,1748,85,405,64383,-320,182
"East of England",63,2008,1675,1482,48,21,64605,27,193
"East of England",63,2009,1245,1185,94,67,66550,27,60
"East of England",63,2010,1946,1932,86,48,86588,38,14
"East of England",63,2011,1709,1624,74,59,76975,15,85
"East of England",63,2012,1808,1634,207,103,71161,104,174
"East of England",63,2013,1712,1571,166,91,68383,75,141
"East of England",64,2002,1398,1252,66,75,53590,-9,146
"East of England",64,2003,1384,1198,67,51,53760,16,186
"East of England",64,2004,1439,1315,45,82,52645,-37,124
"East of England",64,2005,1147,998,149,195,49721,-46,149
"East of England",64,2006,1378,1205,93,169,54177,-76,173
"East of England",64,2007,1642,1492,74,352,60883,-278,150
"East of England",64,2008,1492,1373,41,18,64015,23,119
"East of England",64,2009,1186,1039,78,62,64045,16,147
"East of England",64,2010,1504,1369,83,43,66013,40,135
"East of England",64,2011,1766,1622,69,55,86309,14,144
"East of England",64,2012,1848,1716,187,140,76542,47,132
"East of England",64,2013,1769,1654,179,109,70780,70,115
"East of England",65,2002,1460,1280,104,124,52303,-20,180
"East of England",65,2003,1444,1237,84,164,53137,-80,207
"East of England",65,2004,1542,1297,96,225,53263,-129,245
"East of England",65,2005,1262,1105,68,100,52163,-32,157
"East of England",65,2006,1266,1134,170,441,48894,-271,132
"East of England",65,2007,1639,1432,48,206,53668,-158,207
"East of England",65,2008,1439,1349,241,172,60409,69,90
"East of England",65,2009,1267,1069,141,132,63709,9,198
"East of England",65,2010,1501,1331,154,68,63587,86,170
"East of England",65,2011,1463,1381,128,104,65442,24,82
"East of England",65,2012,2095,1995,154,109,85727,45,100
"East of England",65,2013,1889,1760,125,74,76091,51,129
"East of England",66,2002,1371,1192,91,104,50756,-13,179
"East of England",66,2003,1329,1149,57,128,51772,-71,180
"East of England",66,2004,1350,1152,68,181,52553,-113,198
"East of England",66,2005,1229,1067,63,73,52722,-10,162
"East of England",66,2006,1305,1081,137,311,51571,-174,224
"East of England",66,2007,1373,1217,35,147,48248,-112,156
"East of England",66,2008,1238,1075,191,133,53262,58,163
"East of England",66,2009,1065,899,102,94,59930,8,166
"East of England",66,2010,1304,1149,122,54,63362,68,155
"East of England",66,2011,1316,1244,94,82,62878,12,72
"East of England",66,2012,1564,1432,138,78,65019,60,132
"East of England",66,2013,1942,1755,138,63,85208,75,187
"East of England",67,2002,1178,1052,67,90,49553,-23,126
"East of England",67,2003,1176,1032,73,105,50221,-32,144
"East of England",67,2004,1287,1077,71,149,51203,-78,210
"East of England",67,2005,1118,971,47,59,52018,-12,147
"East of England",67,2006,1237,1034,112,329,52053,-217,203
"East of England",67,2007,1374,1210,41,168,50904,-127,164
"East of England",67,2008,926,875,166,122,47647,44,51
"East of England",67,2009,805,685,110,107,52792,3,120
"East of England",67,2010,1151,1109,88,49,59322,39,42
"East of England",67,2011,1122,1153,102,82,62777,20,-31
"East of England",67,2012,1390,1267,130,51,62432,79,123
"East of England",67,2013,1444,1278,141,51,64577,90,166
"East of England",68,2002,1009,884,55,68,47321,-13,125
"East of England",68,2003,1123,890,50,75,49063,-25,233
"East of England",68,2004,1139,964,46,107,49601,-61,175
"East of England",68,2005,981,798,28,45,50615,-17,183
"East of England",68,2006,1037,853,78,245,51299,-167,184
"East of England",68,2007,1218,1095,29,119,51364,-90,123
"East of England",68,2008,1029,843,109,91,50395,18,186
"East of England",68,2009,709,638,75,65,46982,10,71
"East of England",68,2010,987,926,71,29,52314,42,61
"East of England",68,2011,1064,944,75,56,58706,19,120
"East of England",68,2012,1254,1160,104,64,62215,40,94
"East of England",68,2013,1281,1162,115,65,61875,50,119
"East of England",69,2002,957,876,61,75,46851,-14,81
"East of England",69,2003,968,830,57,97,46720,-40,138
"East of England",69,2004,1080,906,55,137,48394,-82,174
"East of England",69,2005,889,764,38,59,48912,-21,125
"East of England",69,2006,963,822,99,266,49847,-167,141
"East of England",69,2007,1205,993,32,128,50656,-96,212
"East of England",69,2008,925,794,147,119,50738,28,131
"East of England",69,2009,683,660,90,83,49667,7,23
"East of England",69,2010,807,699,82,46,46335,36,108
"East of England",69,2011,877,777,76,68,51708,8,100
"East of England",69,2012,1087,983,85,84,58071,1,104
"East of England",69,2013,1183,1065,99,61,61584,38,118
"East of England",70,2002,950,837,46,56,46761,-10,113
"East of England",70,2003,889,750,55,65,46117,-10,139
"East of England",70,2004,1003,835,46,89,46013,-43,168
"East of England",70,2005,872,764,23,31,47694,-8,108
"East of England",70,2006,875,748,57,194,48087,-137,127
"East of England",70,2007,1060,894,33,90,49164,-57,166
"East of England",70,2008,908,785,99,62,50002,37,123
"East of England",70,2009,605,537,84,56,50049,28,68
"East of England",70,2010,862,790,69,31,48949,38,72
"East of England",70,2011,762,647,85,48,45659,37,115
"East of England",70,2012,1004,904,96,71,51109,25,100
"East of England",70,2013,1070,960,79,54,57393,25,110
"East of England",71,2002,872,757,55,68,46361,-13,115
"East of England",71,2003,892,750,56,76,46003,-20,142
"East of England",71,2004,912,788,40,99,45187,-59,124
"East of England",71,2005,762,637,22,36,45303,-14,125
"East of England",71,2006,853,725,62,191,46863,-129,128
"East of England",71,2007,973,833,24,88,47295,-64,140
"East of England",71,2008,897,748,109,68,48496,41,149
"East of England",71,2009,628,558,82,66,49240,16,70
"East of England",71,2010,850,774,74,32,49317,42,76
"East of England",71,2011,752,678,87,50,48181,37,74
"East of England",71,2012,771,728,91,59,44996,32,43
"East of England",71,2013,921,828,104,57,50458,47,93
"East of England",72,2002,870,688,56,76,45232,-20,182
"East of England",72,2003,786,697,43,82,45313,-39,89
"East of England",72,2004,902,771,40,115,45045,-75,131
"East of England",72,2005,705,596,29,50,44272,-21,109
"East of England",72,2006,761,648,70,180,44418,-110,113
"East of England",72,2007,924,770,23,80,46057,-57,154
"East of England",72,2008,823,677,112,81,46552,31,146
"East of England",72,2009,624,493,75,58,47692,17,131
"East of England",72,2010,763,673,86,41,48439,45,90
"East of England",72,2011,733,656,69,54,48483,15,77
"East of England",72,2012,802,754,81,59,47463,22,48
"East of England",72,2013,764,695,64,39,44340,25,69
"East of England",73,2002,771,665,55,59,43324,-4,106
"East of England",73,2003,732,630,47,80,44102,-33,102
"East of England",73,2004,837,708,43,89,44297,-46,129
"East of England",73,2005,691,625,24,40,44127,-16,66
"East of England",73,2006,734,597,59,171,43217,-112,137
"East of England",73,2007,844,722,30,81,43555,-51,122
"East of England",73,2008,769,648,101,68,45309,33,121
"East of England",73,2009,584,511,82,61,45603,21,73
"East of England",73,2010,695,626,76,43,46832,33,69
"East of England",73,2011,662,606,76,56,47583,20,56
"East of England",73,2012,821,708,69,30,47659,39,113
"East of England",73,2013,802,688,65,16,46718,49,114
"East of England",74,2002,772,645,34,49,41312,-15,127
"East of England",74,2003,790,632,37,70,42223,-33,158
"East of England",74,2004,826,686,34,74,43012,-40,140
"East of England",74,2005,714,575,18,41,43269,-23,139
"East of England",74,2006,778,657,48,154,43066,-106,121
"East of England",74,2007,824,711,19,67,42258,-48,113
"East of England",74,2008,654,597,94,67,42591,27,57
"East of England",74,2009,541,485,68,69,44316,-1,56
"East of England",74,2010,644,566,59,27,44677,32,78
"East of England",74,2011,629,602,63,54,45829,9,27
"East of England",74,2012,721,658,53,17,46695,36,63
"East of England",74,2013,766,682,52,13,46858,39,84
"East of England",75,2002,793,658,21,25,39966,-4,135
"East of England",75,2003,752,613,32,33,40203,-1,139
"East of England",75,2004,726,637,24,37,40961,-13,89
"East of England",75,2005,674,569,8,15,41824,-7,105
"East of England",75,2006,722,639,23,83,42060,-60,83
"East of England",75,2007,792,687,16,58,42012,-42,105
"East of England",75,2008,690,573,42,34,41245,8,117
"East of England",75,2009,516,418,28,33,41611,-5,98
"East of England",75,2010,616,582,23,21,43291,2,34
"East of England",75,2011,586,577,30,35,43655,-5,9
"East of England",75,2012,678,644,52,12,44771,40,34
"East of England",75,2013,698,640,47,7,45735,40,58
"East of England",76,2002,735,616,26,16,38675,10,119
"East of England",76,2003,707,598,22,23,38648,-1,109
"East of England",76,2004,747,602,26,31,38945,-5,145
"East of England",76,2005,637,548,5,10,39689,-5,89
"East of England",76,2006,714,597,19,71,40543,-52,117
"East of England",76,2007,793,730,16,47,40794,-31,63
"East of England",76,2008,629,504,34,17,40923,17,125
"East of England",76,2009,473,413,23,18,40083,5,60
"East of England",76,2010,599,526,20,13,40569,7,73
"East of England",76,2011,569,562,29,21,42219,8,7
"East of England",76,2012,659,587,57,15,42652,42,72
"East of England",76,2013,682,609,44,13,43657,31,73
"East of England",77,2002,709,606,15,10,36766,5,103
"East of England",77,2003,662,544,18,13,37229,5,118
"East of England",77,2004,709,613,13,20,37156,-7,96
"East of England",77,2005,577,509,2,2,37580,0,68
"East of England",77,2006,667,580,11,49,38320,-38,87
"East of England",77,2007,740,677,11,26,39252,-15,63
"East of England",77,2008,693,552,23,15,39604,8,141
"East of England",77,2009,504,458,17,14,39666,3,46
"East of England",77,2010,600,529,15,8,38853,7,71
"East of England",77,2011,549,515,18,14,39351,4,34
"East of England",77,2012,602,571,40,16,41063,24,31
"East of England",77,2013,718,665,44,4,41513,40,53
"East of England",78,2002,704,596,20,14,35345,6,108
"East of England",78,2003,639,510,28,18,35275,10,129
"East of England",78,2004,709,638,24,26,35633,-2,71
"East of England",78,2005,577,505,5,3,35593,2,72
"East of England",78,2006,656,574,15,80,36041,-65,82
"East of England",78,2007,727,641,17,52,36902,-35,86
"East of England",78,2008,670,558,35,25,37930,10,112
"East of England",78,2009,563,497,26,18,38252,8,66
"East of England",78,2010,647,534,16,16,38448,0,113
"East of England",78,2011,547,479,40,21,37599,19,68
"East of England",78,2012,590,537,41,7,38156,34,53
"East of England",78,2013,670,597,36,5,39773,31,73
"East of England",79,2002,759,643,4,14,34206,-10,116
"East of England",79,2003,618,563,7,10,33580,-3,55
"East of England",79,2004,657,564,4,10,33619,-6,93
"East of England",79,2005,626,519,2,3,33939,-1,107
"East of England",79,2006,643,572,6,35,34093,-29,71
"East of England",79,2007,697,627,2,22,34512,-20,70
"East of England",79,2008,629,507,12,8,35467,4,122
"East of England",79,2009,536,484,11,14,36396,-3,52
"East of England",79,2010,612,543,8,8,36813,0,69
"East of England",79,2011,594,507,9,10,37082,-1,87
"East of England",79,2012,628,593,31,8,36222,23,35
"East of England",79,2013,625,568,32,0,36786,32,57
"East of England",80,2002,712,649,2,4,33073,-2,63
"East of England",80,2003,685,555,6,5,32378,1,130
"East of England",80,2004,705,572,3,6,31912,-3,133
"East of England",80,2005,621,475,2,0,31965,2,146
"East of England",80,2006,637,560,0,8,32296,-8,77
"East of England",80,2007,670,595,2,7,32444,-5,75
"East of England",80,2008,610,518,5,6,32907,-1,92
"East of England",80,2009,526,477,6,0,33903,6,49
"East of England",80,2010,579,524,1,3,34890,-2,55
"East of England",80,2011,615,546,1,5,35374,-4,69
"East of England",80,2012,667,582,22,10,35594,12,85
"East of England",80,2013,605,608,24,2,34727,22,-3
"East of England",81,2002,685,598,3,0,32828,3,87
"East of England",81,2003,638,522,7,4,31110,3,116
"East of England",81,2004,703,620,3,1,30479,2,83
"East of England",81,2005,608,497,0,1,30132,-1,111
"East of England",81,2006,633,541,0,9,30196,-9,92
"East of England",81,2007,680,556,2,4,30610,-2,124
"East of England",81,2008,601,488,4,4,30773,0,113
"East of England",81,2009,518,488,4,1,31226,3,30
"East of England",81,2010,640,631,0,5,32209,-5,9
"East of England",81,2011,558,485,2,1,33304,1,73
"East of England",81,2012,657,600,28,6,33774,22,57
"East of England",81,2013,704,609,28,1,34105,27,95
"East of England",82,2002,728,627,2,2,30622,0,101
"East of England",82,2003,672,556,3,1,30589,2,116
"East of England",82,2004,687,597,2,3,29152,-1,90
"East of England",82,2005,650,504,0,0,28655,0,146
"East of England",82,2006,649,573,0,6,28280,-6,76
"East of England",82,2007,684,561,4,1,28362,3,123
"East of England",82,2008,623,521,0,1,28858,-1,102
"East of England",82,2009,542,479,0,0,29039,0,63
"East of England",82,2010,543,460,0,1,29545,-1,83
"East of England",82,2011,591,495,1,4,30617,-3,96
"East of England",82,2012,654,574,29,3,31593,26,80
"East of England",82,2013,660,630,29,6,31918,23,30
"East of England",83,2002,496,436,1,2,21055,-1,60
"East of England",83,2003,756,606,1,1,28319,0,150
"East of England",83,2004,734,605,3,0,28416,3,129
"East of England",83,2005,612,527,0,1,27037,-1,85
"East of England",83,2006,683,593,0,0,26669,0,90
"East of England",83,2007,691,617,0,0,26387,0,74
"East of England",83,2008,566,487,0,0,26511,0,79
"East of England",83,2009,523,451,1,0,27008,1,72
"East of England",83,2010,557,482,0,0,27284,0,75
"East of England",83,2011,585,497,0,0,27845,0,88
"East of England",83,2012,666,594,26,4,28844,22,72
"East of England",83,2013,658,576,23,0,29751,23,82
"East of England",84,2002,514,403,5,2,16332,3,111
"East of England",84,2003,523,442,9,2,19458,7,81
"East of England",84,2004,685,599,4,7,25869,-3,86
"East of England",84,2005,629,556,2,1,26165,1,73
"East of England",84,2006,645,539,6,10,24975,-4,106
"East of England",84,2007,710,648,2,5,24666,-3,62
"East of England",84,2008,627,520,10,8,24489,2,107
"East of England",84,2009,568,472,5,6,24585,-1,96
"East of England",84,2010,589,534,0,6,25114,-6,55
"East of England",84,2011,567,514,4,4,25414,0,53
"East of England",84,2012,640,525,10,1,26043,9,115
"East of England",84,2013,649,570,9,0,26854,9,79
"East of England",85,2002,552,436,3,0,16924,3,116
"East of England",85,2003,414,341,8,3,14784,5,73
"East of England",85,2004,463,379,0,2,17854,-2,84
"East of England",85,2005,688,573,0,2,23408,-2,115
"East of England",85,2006,655,576,7,10,23877,-3,79
"East of England",85,2007,676,603,2,5,22821,-3,73
"East of England",85,2008,604,513,1,4,22583,-3,91
"East of England",85,2009,582,505,5,2,22508,3,77
"East of England",85,2010,609,533,4,4,22685,0,76
"East of England",85,2011,591,532,5,4,23201,1,59
"East of England",85,2012,653,547,13,3,23564,10,106
"East of England",85,2013,609,589,13,2,24045,11,20
"East of England",86,2002,515,429,2,1,16053,1,86
"East of England",86,2003,501,433,6,1,15240,5,68
"East of England",86,2004,444,396,0,2,13266,-2,48
"East of England",86,2005,451,381,0,0,16188,0,70
"East of England",86,2006,665,620,0,7,20995,-7,45
"East of England",86,2007,715,575,0,6,21689,-6,140
"East of England",86,2008,597,508,0,2,20739,-2,89
"East of England",86,2009,598,515,1,1,20504,0,83
"East of England",86,2010,577,495,0,1,20607,-1,82
"East of England",86,2011,582,512,0,2,20783,-2,70
"East of England",86,2012,609,545,12,7,21253,5,64
"East of England",86,2013,659,580,15,2,21599,13,79
"East of England",87,2002,548,482,2,4,15059,-2,66
"East of England",87,2003,506,404,5,6,14230,-1,102
"East of England",87,2004,475,372,3,1,13537,2,103
"East of England",87,2005,375,343,0,0,11794,0,32
"East of England",87,2006,415,349,0,11,14643,-11,66
"East of England",87,2007,705,545,0,4,18698,-4,160
"East of England",87,2008,565,535,0,1,19485,-1,30
"East of England",87,2009,508,458,1,3,18598,-2,50
"East of England",87,2010,554,502,0,2,18589,-2,52
"East of England",87,2011,530,482,0,3,18629,-3,48
"East of England",87,2012,600,533,12,3,18791,9,67
"East of England",87,2013,583,506,19,4,19352,15,77
"East of England",88,2002,526,429,2,1,13083,1,97
"East of England",88,2003,453,391,3,2,13181,1,62
"East of England",88,2004,498,413,2,2,12421,0,85
"East of England",88,2005,422,376,3,1,11879,2,46
"East of England",88,2006,357,306,0,6,10341,-6,51
"East of England",88,2007,416,361,0,0,13305,0,55
"East of England",88,2008,581,510,0,0,16437,0,71
"East of England",88,2009,558,501,0,2,17194,-2,57
"East of England",88,2010,564,436,0,0,16659,0,128
"East of England",88,2011,548,449,0,0,16661,0,99
"East of England",88,2012,541,479,10,4,16617,6,62
"East of England",88,2013,573,494,11,2,16803,9,79
"East of England",89,2002,434,363,2,0,11048,2,71
"East of England",89,2003,423,352,1,1,11277,0,71
"East of England",89,2004,456,347,0,2,11380,-2,109
"East of England",89,2005,418,341,0,0,10670,0,77
"East of England",89,2006,360,365,0,0,10219,0,-5
"East of England",89,2007,369,299,0,1,9082,-1,70
"East of England",89,2008,359,322,0,0,11818,0,37
"East of England",89,2009,565,488,0,0,14221,0,77
"East of England",89,2010,594,500,0,0,15100,0,94
"East of England",89,2011,478,426,0,0,14598,0,52
"East of England",89,2012,536,463,6,2,14631,4,73
"East of England",89,2013,577,504,7,2,14584,5,73
"East of England",90,2002,1699,1429,1,0,37660,1,270
"East of England",90,2003,1630,1359,2,2,39025,0,271
"East of England",90,2004,1840,1534,1,0,40211,1,306
"East of England",90,2005,1742,1403,0,1,41499,-1,339
"East of England",90,2006,1875,1545,6,2,41996,4,330
"East of England",90,2007,1914,1677,0,0,42332,0,237
"East of England",90,2008,1820,1543,0,1,41385,-1,277
"East of England",90,2009,1823,1619,0,0,43007,0,204
"East of England",90,2010,1895,1754,0,0,46515,0,141
"East of England",90,2011,2032,1783,0,0,50277,0,249
"East of England",90,2012,2248,2033,28,1,53116,27,215
"East of England",90,2013,2497,2176,28,1,55198,27,321
"London",0,2002,6496,9508,1442,840,101561,602,-3012
"London",0,2003,6691,9705,1238,815,105440,423,-3014
"London",0,2004,7321,10519,1365,852,108459,513,-3198
"London",0,2005,7272,9984,1147,611,111873,536,-2712
"London",0,2006,7914,10709,1067,757,115272,310,-2795
"London",0,2007,8313,11291,1920,1165,120460,755,-2978
"London",0,2008,8149,11028,1148,683,124418,465,-2879
"London",0,2009,8542,10764,838,598,124234,240,-2222
"London",0,2010,9107,11520,902,638,126075,264,-2413
"London",0,2011,8727,11433,1527,501,126221,1026,-2706
"London",0,2012,5639,7095,2346,428,134052,1918,-1456
"London",0,2013,5250,6836,1568,395,130172,1173,-1586
"London",1,2002,6340,9930,1322,758,94889,564,-3590
"London",1,2003,6521,10140,1133,736,98440,397,-3619
"London",1,2004,7003,10713,1226,756,102163,470,-3710
"London",1,2005,7129,10302,1049,536,105645,513,-3173
"London",1,2006,7861,11140,932,691,108678,241,-3279
"London",1,2007,8467,11897,1673,1024,112722,649,-3430
"London",1,2008,8092,11578,1016,587,117197,429,-3486
"London",1,2009,8777,11302,720,494,121658,226,-2525
"London",1,2010,9327,12096,796,568,120620,228,-2769
"London",1,2011,8795,11935,1330,434,121653,896,-3140
"London",1,2012,9229,12894,2872,418,124932,2454,-3665
"London",1,2013,9479,13191,2884,413,132726,2471,-3712
"London",2,2002,5787,9094,1216,719,94851,497,-3307
"London",2,2003,6053,9357,1045,717,92783,328,-3304
"London",2,2004,6302,9791,1120,703,95552,417,-3489
"London",2,2005,6608,9334,946,477,99973,469,-2726
"London",2,2006,7045,10151,834,650,102665,184,-3106
"London",2,2007,7660,10928,1524,1059,105786,465,-3268
"London",2,2008,7423,10578,929,579,110235,350,-3155
"London",2,2009,7735,10109,675,451,114900,224,-2374
"London",2,2010,8650,11283,739,506,118899,233,-2633
"London",2,2011,8071,10842,1209,438,117585,771,-2771
"London",2,2012,8663,12193,2494,430,120173,2064,-3530
"London",2,2013,8563,12237,2591,392,123448,2199,-3674
"London",3,2002,4944,7777,1163,661,93714,502,-2833
"London",3,2003,5248,8164,981,670,93154,311,-2916
"London",3,2004,5297,8021,1052,688,91312,364,-2724
"London",3,2005,5444,7590,889,466,94029,423,-2146
"London",3,2006,5936,8364,798,596,97814,202,-2428
"London",3,2007,6334,8976,1413,954,100450,459,-2642
"London",3,2008,6083,8552,866,501,103625,365,-2469
"London",3,2009,6578,8532,625,401,108830,224,-1954
"London",3,2010,7251,9306,678,459,112932,219,-2055
"London",3,2011,6987,9428,1146,383,116855,763,-2441
"London",3,2012,7358,10206,2316,467,116571,1849,-2848
"London",3,2013,7398,10329,2310,438,119104,1872,-2931
"London",4,2002,4214,6872,1098,575,93544,523,-2658
"London",4,2003,4559,7125,925,610,92397,315,-2566
"London",4,2004,4629,7137,987,607,91959,380,-2508
"London",4,2005,4682,6691,830,404,90615,426,-2009
"London",4,2006,4725,6627,734,533,92538,201,-1902
"London",4,2007,5241,7316,1299,832,96285,467,-2075
"London",4,2008,5273,7353,809,438,98714,371,-2080
"London",4,2009,5396,6853,614,340,102372,274,-1457
"London",4,2010,5896,7509,647,397,107802,250,-1613
"London",4,2011,5729,7529,1063,303,111765,760,-1800
"London",4,2012,6429,8639,1970,501,116106,1469,-2210
"London",4,2013,6351,8722,2037,404,115831,1633,-2371
"London",5,2002,3845,5994,976,512,94256,464,-2149
"London",5,2003,4043,6239,827,293,92785,534,-2196
"London",5,2004,3952,6096,1042,560,91637,482,-2144
"London",5,2005,4135,5832,389,573,91006,-184,-1697
"London",5,2006,4258,5837,355,461,89831,-106,-1579
"London",5,2007,4101,5890,951,497,91390,454,-1789
"London",5,2008,4128,5709,670,285,95170,385,-1581
"London",5,2009,4532,5903,800,327,97795,473,-1371
"London",5,2010,4791,5807,748,291,101751,457,-1016
"London",5,2011,4391,5750,538,446,106859,92,-1359
"London",5,2012,4743,6299,1817,444,111578,1373,-1556
"London",5,2013,4932,6708,1848,295,115877,1553,-1776
"London",6,2002,3293,5172,940,471,91330,469,-1879
"London",6,2003,3677,5523,775,273,93800,502,-1846
"London",6,2004,3535,5501,999,512,92195,487,-1966
"London",6,2005,3671,5155,393,565,90900,-172,-1484
"London",6,2006,3551,5113,339,424,90289,-85,-1562
"London",6,2007,3571,5029,912,498,89675,414,-1458
"London",6,2008,3445,4844,621,281,90538,340,-1399
"London",6,2009,3647,4635,739,301,94701,438,-988
"London",6,2010,4024,4986,692,262,97236,430,-962
"London",6,2011,3676,4612,517,401,100862,116,-936
"London",6,2012,4066,5310,1497,407,106703,1090,-1244
"London",6,2013,4038,5561,1569,298,111322,1271,-1523
"London",7,2002,3101,4941,860,406,89307,454,-1840
"London",7,2003,3187,5131,709,278,90833,431,-1944
"London",7,2004,3449,5401,873,461,93143,412,-1952
"London",7,2005,3437,4959,350,483,91444,-133,-1522
"London",7,2006,3387,4880,308,347,90283,-39,-1493
"London",7,2007,3330,4836,799,395,90126,404,-1506
"London",7,2008,3245,4615,548,199,89565,349,-1370
"London",7,2009,3411,4283,669,267,90271,402,-872
"London",7,2010,3503,4441,617,228,94245,389,-938
"London",7,2011,3422,4439,453,363,96281,90,-1017
"London",7,2012,3548,4758,1520,334,100835,1186,-1210
"London",7,2013,3667,5146,1401,245,106375,1156,-1479
"London",8,2002,3023,5014,916,424,89481,492,-1991
"London",8,2003,3172,4942,748,262,88933,486,-1770
"London",8,2004,3140,4951,951,509,90472,442,-1811
"London",8,2005,3350,4916,371,520,92319,-149,-1566
"London",8,2006,3262,4725,328,354,90876,-26,-1463
"London",8,2007,3266,4743,866,430,90159,436,-1477
"London",8,2008,3140,4503,605,245,90070,360,-1363
"London",8,2009,3099,4157,720,293,89833,427,-1058
"London",8,2010,3196,4071,676,257,90028,419,-875
"London",8,2011,3074,4035,494,375,93478,119,-961
"London",8,2012,3345,4494,1255,281,96102,974,-1149
"London",8,2013,3376,4703,1403,235,100670,1168,-1327
"London",9,2002,2839,4616,824,368,89496,456,-1777
"London",9,2003,3058,4976,691,211,88978,480,-1918
"London",9,2004,3140,4963,837,397,88451,440,-1823
"London",9,2005,3111,4636,332,429,89870,-97,-1525
"London",9,2006,3119,4554,299,316,91758,-17,-1435
"London",9,2007,3061,4580,758,359,90655,399,-1519
"London",9,2008,3021,4337,537,199,90100,338,-1316
"London",9,2009,3099,4068,635,223,90449,412,-969
"London",9,2010,3064,3864,592,197,90325,395,-800
"London",9,2011,2748,3616,433,328,89472,105,-868
"London",9,2012,2939,4057,1336,219,93466,1117,-1118
"London",9,2013,3002,4204,1259,177,95980,1082,-1202
"London",10,2002,2664,4409,1054,246,90083,808,-1745
"London",10,2003,2885,4541,983,265,89166,718,-1656
"London",10,2004,3027,4825,630,607,88134,23,-1798
"London",10,2005,3082,4505,730,259,88407,471,-1423
"London",10,2006,2936,4345,644,284,89824,360,-1409
"London",10,2007,3047,4488,735,239,91719,496,-1441
"London",10,2008,2852,4243,417,163,90431,254,-1391
"London",10,2009,2952,3792,517,187,90515,330,-840
"London",10,2010,2963,3815,491,129,90895,362,-852
"London",10,2011,2594,3480,332,164,90502,168,-886
"London",10,2012,2701,3852,1303,174,89446,1129,-1151
"London",10,2013,2707,3928,1360,185,93418,1175,-1221
"London",11,2002,2686,4342,990,226,89259,764,-1656
"London",11,2003,2902,4663,939,255,89535,684,-1761
"London",11,2004,2921,4593,598,558,88168,40,-1672
"London",11,2005,2931,4320,688,236,88142,452,-1389
"London",11,2006,2881,4283,603,253,88273,350,-1402
"London",11,2007,2811,4269,675,206,89845,469,-1458
"London",11,2008,2833,4244,391,122,91471,269,-1411
"London",11,2009,2878,3850,476,151,90690,325,-972
"London",11,2010,2878,3711,448,101,90943,347,-833
"London",11,2011,2605,3525,307,134,91087,173,-920
"London",11,2012,2545,3627,1386,158,90647,1228,-1082
"London",11,2013,2590,3563,1326,132,89668,1194,-973
"London",12,2002,2660,4447,960,222,87900,738,-1787
"London",12,2003,2816,4577,925,240,88902,685,-1761
"London",12,2004,2880,4719,582,526,88264,56,-1839
"London",12,2005,2744,4413,661,238,87540,423,-1669
"London",12,2006,2846,4442,564,242,87793,322,-1596
"London",12,2007,2799,4293,639,174,88135,465,-1494
"London",12,2008,2710,4053,379,116,89770,263,-1343
"London",12,2009,2722,3929,460,144,91489,316,-1207
"London",12,2010,2761,3855,426,101,90838,325,-1094
"London",12,2011,2469,3533,305,145,90963,160,-1064
"London",12,2012,2550,3765,1298,189,90972,1109,-1215
"London",12,2013,2462,3689,1352,129,90639,1223,-1227
"London",13,2002,2470,3639,977,202,86432,775,-1169
"London",13,2003,2666,3915,1051,230,87918,821,-1249
"London",13,2004,2722,3975,590,546,88421,44,-1253
"London",13,2005,2757,3917,675,228,88075,447,-1160
"London",13,2006,2739,3705,589,240,87549,349,-966
"London",13,2007,2729,3819,647,180,88123,467,-1090
"London",13,2008,2569,3565,385,115,88333,270,-996
"London",13,2009,2586,3297,455,137,90411,318,-711
"London",13,2010,2717,3272,431,98,92157,333,-555
"London",13,2011,2412,3076,308,131,91268,177,-664
"London",13,2012,2428,3271,1265,147,91233,1118,-843
"London",13,2013,2402,3154,1187,138,91263,1049,-752
"London",14,2002,2551,3713,984,196,86797,788,-1162
"London",14,2003,2698,3946,1205,232,86368,973,-1248
"London",14,2004,2871,4219,589,550,87064,39,-1348
"London",14,2005,2801,3968,674,228,88435,446,-1167
"London",14,2006,2862,3883,580,232,87926,348,-1021
"London",14,2007,2792,3946,637,194,87457,443,-1154
"London",14,2008,2746,3864,381,123,88193,258,-1118
"London",14,2009,2749,3740,472,145,88583,327,-991
"London",14,2010,2765,3633,439,89,90904,350,-868
"London",14,2011,2473,3323,304,131,92371,173,-850
"London",14,2012,2681,3614,1384,198,91516,1186,-933
"London",14,2013,2494,3449,1330,155,91445,1175,-955
"London",15,2002,2368,3318,2324,354,85297,1970,-950
"London",15,2003,2600,3453,2668,477,88054,2191,-853
"London",15,2004,2669,3525,1952,244,87349,1708,-856
"London",15,2005,2718,3453,1828,351,88231,1477,-735
"London",15,2006,2724,3464,1702,410,89694,1292,-740
"London",15,2007,2688,3423,1656,315,89020,1341,-735
"London",15,2008,2536,3194,1708,172,88929,1536,-658
"London",15,2009,2638,3195,1717,274,89988,1443,-557
"London",15,2010,2649,3096,1553,378,90198,1175,-447
"London",15,2011,2420,2824,1411,258,92639,1153,-404
"London",15,2012,2486,3002,1396,356,92879,1040,-516
"London",15,2013,2334,2873,1347,255,92064,1092,-539
"London",16,2002,2556,3061,2515,382,84570,2133,-505
"London",16,2003,2793,3315,2941,521,86746,2420,-522
"London",16,2004,2920,3515,2261,279,89352,1982,-595
"London",16,2005,2934,3559,2111,408,88581,1703,-625
"London",16,2006,2821,3351,2022,461,89662,1561,-530
"London",16,2007,2738,3310,1959,345,91454,1614,-572
"London",16,2008,2670,3287,2015,236,90668,1779,-617
"London",16,2009,2774,3132,2025,319,90860,1706,-358
"London",16,2010,2752,3183,1864,443,91888,1421,-431
"London",16,2011,2503,2840,1729,307,92178,1422,-337
"London",16,2012,2462,2947,1632,794,92967,838,-485
"London",16,2013,2505,2928,1557,589,93430,968,-423
"London",17,2002,3206,3890,2687,466,87842,2221,-684
"London",17,2003,3375,4040,3219,559,86289,2660,-665
"London",17,2004,3526,4277,2505,323,87694,2182,-751
"London",17,2005,3510,4306,2427,466,90375,1961,-796
"London",17,2006,3444,4178,2292,605,89639,1687,-734
"London",17,2007,3479,4173,2272,485,91154,1787,-694
"London",17,2008,3338,4019,2343,265,93482,2078,-681
"London",17,2009,3244,3770,2365,355,92589,2010,-526
"London",17,2010,3257,3695,2160,526,92629,1634,-438
"London",17,2011,3120,3448,2002,316,94135,1686,-328
"London",17,2012,3134,3580,2282,1174,92749,1108,-446
"London",17,2013,3009,3541,1961,1004,93353,957,-532
"London",18,2002,5786,5863,3949,873,86997,3076,-77
"London",18,2003,5983,6523,4695,910,90896,3785,-540
"London",18,2004,5917,6678,4307,593,89059,3714,-761
"London",18,2005,5935,6617,4249,817,90109,3432,-682
"London",18,2006,6187,6874,4293,1090,92831,3203,-687
"London",18,2007,6191,6941,4278,906,92476,3372,-750
"London",18,2008,5517,6541,4439,706,94309,3733,-1024
"London",18,2009,5598,6479,4509,830,97006,3679,-881
"London",18,2010,5557,6513,4193,1125,95206,3068,-956
"London",18,2011,5184,6096,3931,674,95634,3257,-912
"London",18,2012,5478,6597,2977,1814,94182,1163,-1119
"London",18,2013,5003,6042,2512,1486,92795,1026,-1039
"London",19,2002,15995,16544,5591,1424,86403,4167,-549
"London",19,2003,16341,17548,6503,1246,90734,5257,-1207
"London",19,2004,16266,18855,6757,958,93841,5799,-2589
"London",19,2005,16459,19142,6899,1231,91786,5668,-2683
"London",19,2006,16956,20080,6945,1721,91744,5224,-3124
"London",19,2007,17182,20575,7086,1359,95032,5727,-3393
"London",19,2008,15298,19033,7402,1222,95026,6180,-3735
"London",19,2009,15921,20138,7596,1350,96708,6246,-4217
"London",19,2010,15964,21070,6900,1815,97680,5085,-5106
"London",19,2011,15318,20008,6642,1035,96673,5607,-4690
"London",19,2012,16816,22418,4577,2691,91888,1886,-5602
"London",19,2013,15274,20585,3993,2225,90615,1768,-5311
"London",20,2002,15809,15428,6210,2816,86619,3394,381
"London",20,2003,15073,15187,5757,3272,89137,2485,-114
"London",20,2004,14540,14997,6971,2403,94594,4568,-457
"London",20,2005,15011,15556,7298,2551,97845,4747,-545
"London",20,2006,15108,15158,7711,2777,96468,4934,-50
"London",20,2007,15130,15004,8235,3078,96613,5157,126
"London",20,2008,14396,14804,6854,2082,99312,4772,-408
"London",20,2009,15720,15789,6950,3729,98316,3221,-69
"London",20,2010,14846,16155,8620,3279,101168,5341,-1309
"London",20,2011,14610,15547,8490,3000,103010,5490,-937
"London",20,2012,16895,18231,5854,3552,97600,2302,-1336
"London",20,2013,16029,16825,5437,3196,93305,2241,-796
"London",21,2002,17275,12671,6751,3353,99621,3398,4604
"London",21,2003,17048,13253,6204,3941,93367,2263,3795
"London",21,2004,16438,12570,7734,2924,98116,4810,3868
"London",21,2005,16844,13121,8144,3047,103121,5097,3723
"London",21,2006,17261,12700,8774,3338,107566,5436,4561
"London",21,2007,17517,12872,9450,3789,106486,5661,4645
"London",21,2008,17318,12596,7832,2618,106055,5214,4722
"London",21,2009,19054,13448,7969,4687,108076,3282,5606
"London",21,2010,15263,12876,9996,4104,106670,5892,2387
"London",21,2011,14752,12043,9808,3765,110352,6043,2709
"London",21,2012,17179,14135,6560,4267,108312,2293,3044
"London",21,2013,16863,14216,5926,4033,102112,1893,2647
"London",22,2002,19952,13704,8115,4030,108824,4085,6248
"London",22,2003,19362,14649,7404,4662,107679,2742,4713
"London",22,2004,19006,14298,9534,3408,104986,6126,4708
"London",22,2005,20871,16584,10024,3602,109148,6422,4287
"London",22,2006,21404,16368,10858,3939,114871,6919,5036
"London",22,2007,22728,16939,11629,4428,120322,7201,5789
"London",22,2008,22709,16873,9647,3126,118618,6521,5836
"London",22,2009,24423,17546,9815,5646,116709,4169,6877
"London",22,2010,24617,18052,12310,4966,121855,7344,6565
"London",22,2011,23774,15622,12104,4449,122648,7655,8152
"London",22,2012,21600,14652,8068,5322,119988,2746,6948
"London",22,2013,21482,15104,7065,4794,116919,2271,6378
"London",23,2002,22014,14554,8948,3819,119758,5129,7460
"London",23,2003,21533,15956,8112,4412,118530,3700,5577
"London",23,2004,20565,15514,10630,3102,120785,7528,5051
"London",23,2005,21928,16828,11083,3427,118462,7656,5100
"London",23,2006,23152,17567,11810,3680,123164,8130,5585
"London",23,2007,23343,17182,12568,3918,129355,8650,6161
"London",23,2008,23994,17284,10363,2843,134300,7520,6710
"London",23,2009,25747,18413,10534,5133,131095,5401,7334
"London",23,2010,26147,18805,13319,4467,132408,8852,7342
"London",23,2011,26991,18265,13122,3937,139627,9185,8726
"London",23,2012,24554,15224,8503,5660,134832,2843,9330
"London",23,2013,23973,15341,7984,5159,131452,2825,8632
"London",24,2002,21058,15788,9662,3966,128613,5696,5270
"London",24,2003,21740,16980,8723,4601,128778,4122,4760
"London",24,2004,21142,17137,11620,3193,131494,8427,4005
"London",24,2005,21662,17207,12003,3536,134324,8467,4455
"London",24,2006,22124,17696,12571,3804,132402,8767,4428
"London",24,2007,23368,17947,13342,3945,138309,9397,5421
"London",24,2008,23339,17799,10924,2926,142660,7998,5540
"London",24,2009,25224,18844,11136,5120,146469,6016,6380
"London",24,2010,24532,18639,14220,4554,146385,9666,5893
"London",24,2011,24483,18520,14003,3958,147971,10045,5963
"London",24,2012,23970,16523,8473,6205,149313,2268,7447
"London",24,2013,23702,16603,7876,5529,144272,2347,7099
"London",25,2002,20926,17857,10136,4127,136664,6009,3069
"London",25,2003,20612,18296,9923,5015,135041,4908,2316
"London",25,2004,21083,18344,10299,4219,137629,6080,2739
"London",25,2005,21849,18736,13000,4992,143100,8008,3113
"London",25,2006,22611,18867,10478,4409,144682,6069,3744
"London",25,2007,23099,19264,13607,5958,144591,7649,3835
"London",25,2008,23391,19368,13531,6049,150141,7482,4023
"London",25,2009,24908,19972,11862,7339,151813,4523,4936
"London",25,2010,24663,20180,13391,7769,156285,5622,4483
"London",25,2011,24226,19548,13740,5526,159024,8214,4678
"London",25,2012,23894,18846,8531,5832,155729,2699,5048
"London",25,2013,23897,18609,7675,5135,157113,2540,5288
"London",26,2002,21245,19829,9822,4251,143778,5571,1416
"London",26,2003,20372,19523,9599,5162,141310,4437,849
"London",26,2004,20287,19366,9995,4438,140823,5557,921
"London",26,2005,21571,20165,12561,5089,146666,7472,1406
"London",26,2006,22793,20449,10104,4667,151476,5437,2344
"London",26,2007,23178,20589,13093,6255,154764,6838,2589
"London",26,2008,23469,20739,13001,6107,155041,6894,2730
"London",26,2009,24585,20966,11378,7470,158048,3908,3619
"London",26,2010,23616,20863,12843,7980,159239,4863,2753
"London",26,2011,23359,20345,13169,5763,166554,7406,3014
"London",26,2012,23543,19761,7912,5608,165076,2304,3782
"London",26,2013,23294,19786,7507,4733,162038,2774,3508
"London",27,2002,20707,20539,9236,4417,148754,4819,168
"London",27,2003,20276,21083,8995,5371,145609,3624,-807
"London",27,2004,19701,20317,9300,4467,144769,4833,-616
"London",27,2005,20935,20662,11716,5299,146734,6417,273
"London",27,2006,21939,21076,9367,4549,152426,4818,863
"London",27,2007,23317,21851,12123,6460,159095,5663,1466
"London",27,2008,23493,21684,12027,6318,162876,5709,1809
"London",27,2009,24183,21812,10563,7552,161124,3011,2371
"London",27,2010,23678,21720,11900,7802,164360,4098,1958
"London",27,2011,23083,20930,12268,5938,167430,6330,2153
"London",27,2012,23113,21031,7260,5207,170702,2053,2082
"London",27,2013,22717,20727,6832,4323,169581,2509,1990
"London",28,2002,19967,21179,8781,4266,149816,4515,-1212
"London",28,2003,20464,22004,8505,5200,149616,3305,-1540
"London",28,2004,19305,20803,8728,4322,147571,4406,-1498
"London",28,2005,20061,20736,11012,5117,149286,5895,-675
"London",28,2006,20652,20713,8738,4361,150340,4377,-61
"London",28,2007,22264,22053,11366,6245,157902,5121,211
"London",28,2008,23162,22508,11254,6025,165546,5229,654
"London",28,2009,23567,22321,9896,7257,167389,2639,1246
"London",28,2010,23167,22070,11132,7479,166656,3653,1097
"London",28,2011,22268,21527,11511,5695,171318,5816,741
"London",28,2012,22831,22024,6489,4714,170008,1775,807
"London",28,2013,23007,21983,6063,3873,173880,2190,1024
"London",29,2002,19068,21176,7726,3868,153837,3858,-2108
"London",29,2003,18987,21532,7473,4735,149182,2738,-2545
"London",29,2004,18712,21197,7566,3911,149860,3655,-2485
"London",29,2005,18924,20688,9567,4615,149821,4952,-1764
"London",29,2006,19605,20660,7518,3979,151140,3539,-1055
"London",29,2007,20430,21245,9836,5707,152913,4129,-815
"London",29,2008,21714,22287,9755,5425,161792,4330,-573
"London",29,2009,22876,22657,8574,6553,168364,2021,219
"London",29,2010,22266,22093,9638,6745,171087,2893,173
"London",29,2011,21743,21575,9976,5135,172483,4841,168
"London",29,2012,22503,22731,6196,4154,173106,2042,-228
"London",29,2013,21772,22028,5618,3504,171851,2114,-256
"London",30,2002,17758,20463,5834,3710,152197,2124,-2705
"London",30,2003,18047,21409,5552,5016,150206,536,-3362
"London",30,2004,17384,20834,6372,4260,146955,2112,-3450
"London",30,2005,17972,20478,7294,4246,149396,3048,-2506
"London",30,2006,18630,20446,7229,4295,149907,2934,-1816
"London",30,2007,18922,20454,6749,5998,149619,751,-1532
"London",30,2008,19772,21019,8547,4573,154889,3974,-1247
"London",30,2009,21010,21555,8569,5865,164010,2704,-545
"London",30,2010,21113,21826,6920,6314,168694,606,-713
"London",30,2011,20856,21563,7130,5176,172885,1954,-707
"London",30,2012,21719,22583,5245,3991,172833,1254,-864
"London",30,2013,21185,22331,4966,3248,173659,1718,-1146
"London",31,2002,16294,19621,5048,3150,149945,1898,-3327
"London",31,2003,16445,20256,4757,4256,148183,501,-3811
"London",31,2004,16463,20280,5407,3628,147390,1779,-3817
"London",31,2005,16723,19517,6114,3624,145775,2490,-2794
"London",31,2006,17361,19907,6023,3644,148244,2379,-2546
"London",31,2007,18031,20302,5676,5086,147222,590,-2271
"London",31,2008,17968,20071,7189,3879,150141,3310,-2103
"London",31,2009,18753,19885,7222,4947,155273,2275,-1132
"London",31,2010,19516,20567,5858,5348,163546,510,-1051
"London",31,2011,19557,20709,6003,4340,169725,1663,-1152
"London",31,2012,20801,22224,4584,3592,172407,992,-1423
"London",31,2013,20360,22010,4564,2998,172721,1566,-1650
"London",32,2002,14504,17626,4674,2723,145611,1951,-3122
"London",32,2003,15307,19533,4414,3720,145838,694,-4226
"London",32,2004,14924,19147,4968,3292,144921,1676,-4223
"London",32,2005,15578,18797,5598,3255,145740,2343,-3219
"London",32,2006,15731,18749,5483,3446,143947,2037,-3018
"London",32,2007,16619,19512,5162,4473,145063,689,-2893
"London",32,2008,16448,18819,6548,3617,146798,2931,-2371
"London",32,2009,16566,18003,6580,4766,149777,1814,-1437
"London",32,2010,17210,18775,5325,4794,153439,531,-1565
"London",32,2011,17693,19507,5447,3883,163405,1564,-1814
"London",32,2012,19412,21505,4138,3174,168548,964,-2093
"London",32,2013,19398,21579,3951,2621,171544,1330,-2181
"London",33,2002,12521,16154,4137,2327,145172,1810,-3633
"London",33,2003,13413,17397,3857,3192,141781,665,-3984
"London",33,2004,13801,18245,4279,2793,142343,1486,-4444
"London",33,2005,14195,17416,4784,2792,143021,1992,-3221
"London",33,2006,14437,17570,4612,2954,143500,1658,-3133
"London",33,2007,15070,18075,4435,3801,140714,634,-3005
"London",33,2008,14913,17807,5598,3078,143728,2520,-2894
"London",33,2009,15035,16748,5642,4012,145740,1630,-1713
"London",33,2010,15128,16944,4564,4103,147713,461,-1816
"London",33,2011,15472,17392,4681,3304,152222,1377,-1920
"London",33,2012,17345,19722,3436,2981,161424,455,-2377
"London",33,2013,17550,20112,3424,2340,167045,1084,-2562
"London",34,2002,11439,15098,3853,2122,143459,1731,-3659
"London",34,2003,11800,15701,3554,2941,141005,613,-3901
"London",34,2004,12128,16153,3897,2551,138483,1346,-4025
"London",34,2005,12816,16135,4355,2576,140286,1779,-3319
"London",34,2006,13182,16350,4185,2727,140660,1458,-3168
"London",34,2007,13779,16861,4051,3519,140203,532,-3082
"London",34,2008,13394,16018,5089,2823,139544,2266,-2624
"London",34,2009,13431,15219,5138,3672,142495,1466,-1788
"London",34,2010,13581,15609,4155,3778,143119,377,-2028
"London",34,2011,13642,15650,4242,3030,146248,1212,-2008
"London",34,2012,14706,17343,3239,2734,150027,505,-2637
"London",34,2013,15664,18477,3097,2153,159533,944,-2813
"London",35,2002,10272,13944,3404,1932,143191,1472,-3672
"London",35,2003,10709,14607,3718,2895,139533,823,-3898
"London",35,2004,10571,14632,2858,1518,137507,1340,-4061
"London",35,2005,11477,14685,3839,1990,136585,1849,-3208
"London",35,2006,11785,14934,3665,2663,137610,1002,-3149
"London",35,2007,12281,15498,3879,2459,138183,1420,-3217
"London",35,2008,12049,14866,3626,2887,137399,739,-2817
"London",35,2009,11996,13971,3562,2917,137412,645,-1975
"London",35,2010,12484,14605,3202,3177,139414,25,-2121
"London",35,2011,12298,14407,3112,2917,140276,195,-2109
"London",35,2012,13048,15632,2802,2335,144046,467,-2584
"London",35,2013,13706,16139,2785,1902,148463,883,-2433
"London",36,2002,9239,12785,3164,1756,138623,1408,-3546
"London",36,2003,9481,13275,3448,2620,139199,828,-3794
"London",36,2004,9577,13360,2591,1339,136062,1252,-3783
"London",36,2005,9813,12849,3448,1769,135281,1679,-3036
"London",36,2006,10367,13522,3277,2371,133693,906,-3155
"London",36,2007,11133,14414,3473,2209,134991,1264,-3281
"London",36,2008,10790,13563,3250,2564,135346,686,-2773
"London",36,2009,10557,12598,3189,2553,135190,636,-2041
"London",36,2010,10873,12924,2876,2807,134523,69,-2051
"London",36,2011,10766,12990,2807,2566,136491,241,-2224
"London",36,2012,11788,13931,2684,2214,138548,470,-2143
"London",36,2013,11666,14183,2676,1839,142295,837,-2517
"London",37,2002,8391,11698,3008,1528,134169,1480,-3307
"London",37,2003,8697,12337,3271,2421,135103,850,-3640
"London",37,2004,8776,12404,2384,1174,135786,1210,-3628
"London",37,2005,8967,12010,3212,1574,133775,1638,-3043
"London",37,2006,9174,12093,3062,2118,132498,944,-2919
"London",37,2007,9943,12791,3240,1978,131535,1262,-2848
"London",37,2008,9775,12492,3035,2245,132600,790,-2717
"London",37,2009,9355,11355,2942,2169,133488,773,-2000
"London",37,2010,9829,11874,2670,2491,132574,179,-2045
"London",37,2011,9507,11607,2618,2292,131958,326,-2100
"London",37,2012,10646,13012,2342,1935,134450,407,-2366
"London",37,2013,10406,12725,2351,1661,136877,690,-2319
"London",38,2002,7446,10697,2849,1439,129475,1410,-3251
"London",38,2003,7889,11121,3079,2300,131071,779,-3232
"London",38,2004,7819,11265,2236,1066,132044,1170,-3446
"London",38,2005,7993,10948,2957,1428,133315,1529,-2955
"London",38,2006,8334,11050,2760,1954,130947,806,-2716
"London",38,2007,8519,11331,2945,1836,129943,1109,-2812
"London",38,2008,8393,10971,2757,2051,129084,706,-2578
"London",38,2009,8583,10377,2721,1969,130992,752,-1794
"London",38,2010,8628,10736,2450,2289,130828,161,-2108
"London",38,2011,8657,10646,2369,2112,130096,257,-1989
"London",38,2012,9422,11552,2169,1782,130138,387,-2130
"London",38,2013,9417,11652,2225,1398,132982,827,-2235
"London",39,2002,6404,9244,2583,1230,123722,1353,-2840
"London",39,2003,6926,9866,2765,2015,126835,750,-2940
"London",39,2004,7073,10391,1955,952,128101,1003,-3318
"London",39,2005,7291,10124,2566,1266,129754,1300,-2833
"London",39,2006,7349,9983,2421,1710,130378,711,-2634
"London",39,2007,7795,10422,2567,1590,128426,977,-2627
"London",39,2008,7545,9918,2411,1787,127371,624,-2373
"London",39,2009,7532,9271,2371,1720,127415,651,-1739
"London",39,2010,7930,9855,2145,2006,128649,139,-1925
"London",39,2011,7739,9443,2061,1833,128652,228,-1704
"London",39,2012,8334,10308,2059,1703,128376,356,-1974
"London",39,2013,8300,10400,2008,1338,128651,670,-2100
"London",40,2002,5685,8239,2873,1197,117276,1676,-2554
"London",40,2003,6074,8921,2175,1484,121256,691,-2847
"London",40,2004,6539,9463,1652,1443,123750,209,-2924
"London",40,2005,6684,9298,2246,1220,125903,1026,-2614
"London",40,2006,6597,9057,1997,1989,126569,8,-2460
"London",40,2007,7081,9641,2508,1478,127868,1030,-2560
"London",40,2008,6738,8961,2213,1883,125691,330,-2223
"London",40,2009,6882,8450,2629,1261,126361,1368,-1568
"London",40,2010,7135,8645,2288,2495,125089,-207,-1510
"London",40,2011,7192,8844,1340,1391,126449,-51,-1652
"London",40,2012,7456,9412,1989,1538,127077,451,-1956
"London",40,2013,7482,9601,2117,1167,127157,950,-2119
"London",41,2002,5090,7314,2740,1084,112399,1656,-2224
"London",41,2003,5205,7754,2106,1387,115108,719,-2549
"London",41,2004,5671,8363,1585,1344,118378,241,-2692
"London",41,2005,6008,8425,2098,1097,121833,1001,-2417
"London",41,2006,6132,8398,1884,1774,123108,110,-2266
"London",41,2007,6461,8576,2373,1343,124719,1030,-2115
"London",41,2008,6273,8472,2055,1728,124941,327,-2199
"London",41,2009,6281,7657,2468,1174,124683,1294,-1376
"London",41,2010,6418,7976,2140,2278,123801,-138,-1558
"London",41,2011,6106,7614,1254,1282,122965,-28,-1508
"London",41,2012,6918,8729,1709,1421,124836,288,-1811
"London",41,2013,6738,8551,1756,1054,125862,702,-1813
"London",42,2002,4512,6481,2514,979,107104,1535,-1969
"London",42,2003,4911,7174,1927,1217,110593,710,-2263
"London",42,2004,4792,7235,1349,1156,112576,193,-2443
"London",42,2005,5356,7429,1814,990,116799,824,-2073
"London",42,2006,5506,7581,1630,1588,119370,42,-2075
"London",42,2007,5877,8067,2055,1212,121150,843,-2190
"London",42,2008,5890,7677,1788,1557,122440,231,-1787
"London",42,2009,5759,7086,2155,1094,123668,1061,-1327
"London",42,2010,5821,7063,1854,2019,122401,-165,-1242
"London",42,2011,5499,6988,1106,1153,121462,-47,-1489
"London",42,2012,6244,7696,1749,1323,121844,426,-1452
"London",42,2013,6087,7748,1805,959,123902,846,-1661
"London",43,2002,3852,5631,2422,972,102543,1450,-1779
"London",43,2003,4319,6077,1876,1199,105893,677,-1758
"London",43,2004,4458,6593,1276,1123,108247,153,-2135
"London",43,2005,4693,6585,1723,951,111094,772,-1892
"London",43,2006,4912,6665,1508,1507,114647,1,-1753
"London",43,2007,5408,7263,1892,1132,117818,760,-1855
"London",43,2008,5212,7043,1647,1441,118858,206,-1831
"London",43,2009,5215,6476,2015,1038,121400,977,-1261
"London",43,2010,5331,6475,1726,1889,121296,-163,-1144
"London",43,2011,5152,6408,1034,1071,120200,-37,-1256
"London",43,2012,5608,6880,1560,1164,120478,396,-1272
"London",43,2013,5607,7020,1589,926,120979,663,-1413
"London",44,2002,3491,5065,2249,812,98646,1437,-1574
"London",44,2003,3918,5617,1755,1046,101299,709,-1699
"London",44,2004,4123,5896,1157,1017,104108,140,-1773
"London",44,2005,4363,5891,1517,830,107108,687,-1528
"London",44,2006,4333,5877,1369,1307,109285,62,-1544
"London",44,2007,4794,6507,1682,1026,113192,656,-1713
"London",44,2008,4808,6240,1500,1273,116129,227,-1432
"London",44,2009,4779,5848,1774,910,117956,864,-1069
"London",44,2010,4906,5984,1514,1682,119360,-168,-1078
"London",44,2011,4809,5936,907,960,119044,-53,-1127
"London",44,2012,5013,6381,1454,1082,119056,372,-1368
"London",44,2013,5197,6417,1561,822,119851,739,-1220
"London",45,2002,3254,4569,915,1254,93214,-339,-1315
"London",45,2003,3496,5102,897,782,96900,115,-1606
"London",45,2004,3702,5381,1225,703,99955,522,-1679
"London",45,2005,3817,5489,1131,639,102800,492,-1672
"London",45,2006,3960,5375,839,604,105621,235,-1415
"London",45,2007,4241,5712,923,914,107509,9,-1471
"London",45,2008,4282,5832,1263,850,111682,413,-1550
"London",45,2009,4233,5295,1813,1077,115375,736,-1062
"London",45,2010,4588,5518,1254,708,116912,546,-930
"London",45,2011,4361,5416,1151,737,117964,414,-1055
"London",45,2012,4801,5978,1410,863,118224,547,-1177
"London",45,2013,4644,5816,1503,707,118533,796,-1172
"London",46,2002,3000,4182,824,1135,89178,-311,-1182
"London",46,2003,3007,4319,811,687,91808,124,-1312
"London",46,2004,3339,4696,1127,621,95722,506,-1357
"London",46,2005,3499,4921,1008,567,98747,441,-1422
"London",46,2006,3724,5004,772,544,101624,228,-1280
"London",46,2007,3921,5310,846,827,103884,19,-1389
"London",46,2008,3898,5239,1167,753,106204,414,-1341
"London",46,2009,3941,4950,1687,953,111002,734,-1009
"London",46,2010,4101,5063,1178,629,114451,549,-962
"London",46,2011,4194,5069,1059,653,115782,406,-875
"London",46,2012,4371,5462,1294,836,117136,458,-1091
"London",46,2013,4378,5510,1294,703,117489,591,-1132
"London",47,2002,2595,3886,781,1009,84907,-228,-1291
"London",47,2003,2938,4182,756,605,88012,151,-1244
"London",47,2004,2953,4396,1040,589,90570,451,-1443
"London",47,2005,3147,4312,926,517,94636,409,-1165
"London",47,2006,3256,4319,726,473,97715,253,-1063
"London",47,2007,3521,4692,783,745,100367,38,-1171
"London",47,2008,3480,4629,1084,687,102791,397,-1149
"London",47,2009,3531,4256,1551,886,105782,665,-725
"London",47,2010,3821,4601,1087,569,110326,518,-780
"London",47,2011,3884,4685,989,611,113531,378,-801
"London",47,2012,4124,5102,1226,765,115036,461,-978
"London",47,2013,4016,5042,1314,604,116599,710,-1026
"London",48,2002,2426,3552,781,1045,82933,-264,-1126
"London",48,2003,2484,3679,769,630,83698,139,-1195
"London",48,2004,2773,4002,1065,622,87118,443,-1229
"London",48,2005,2896,3959,942,528,89689,414,-1063
"London",48,2006,3053,4174,724,468,93443,256,-1121
"London",48,2007,3320,4525,780,682,96370,98,-1205
"London",48,2008,3327,4532,1085,693,99440,392,-1205
"London",48,2009,3346,4034,1555,894,102461,661,-688
"London",48,2010,3340,4112,1084,587,105158,497,-772
"London",48,2011,3495,4300,985,618,109463,367,-805
"London",48,2012,3792,4819,1165,739,112710,426,-1027
"London",48,2013,3751,4729,1162,620,114398,542,-978
"London",49,2002,2263,3366,718,894,80852,-176,-1103
"London",49,2003,2284,3372,699,579,81812,120,-1088
"London",49,2004,2378,3675,932,542,82641,390,-1297
"London",49,2005,2610,3639,862,460,86380,402,-1029
"London",49,2006,2690,3636,633,424,88708,209,-946
"London",49,2007,2917,4037,710,607,92059,103,-1120
"London",49,2008,2984,3975,948,594,95487,354,-991
"London",49,2009,3110,3790,1330,803,99128,527,-680
"London",49,2010,3262,3841,927,527,101900,400,-579
"London",49,2011,3246,3973,852,557,104372,295,-727
"London",49,2012,3447,4414,1143,674,108736,469,-967
"London",49,2013,3626,4497,1221,575,112266,646,-871
"London",50,2002,2124,3116,597,285,79582,312,-992
"London",50,2003,2214,3360,713,770,79564,-57,-1146
"London",50,2004,2252,3474,380,668,80119,-288,-1222
"London",50,2005,2443,3338,911,730,81768,181,-895
"London",50,2006,2489,3419,662,450,85530,212,-930
"London",50,2007,2666,3785,518,602,87230,-84,-1119
"London",50,2008,2749,3770,1032,402,91330,630,-1021
"London",50,2009,2738,3461,833,662,94664,171,-723
"London",50,2010,3051,3714,389,686,98019,-297,-663
"London",50,2011,2935,3717,912,538,101135,374,-782
"London",50,2012,3270,4053,1050,626,103775,424,-783
"London",50,2013,3395,4201,1106,469,108318,637,-806
"London",51,2002,1948,3048,590,230,78177,360,-1100
"London",51,2003,2050,3147,712,760,78229,-48,-1097
"London",51,2004,2099,3265,375,645,77937,-270,-1166
"London",51,2005,2249,3246,894,703,79073,191,-997
"London",51,2006,2321,3277,630,418,80812,212,-956
"London",51,2007,2592,3627,492,570,84284,-78,-1035
"London",51,2008,2418,3365,999,347,86619,652,-947
"London",51,2009,2569,3211,820,586,90558,234,-642
"London",51,2010,2738,3378,388,655,93426,-267,-640
"London",51,2011,2800,3487,883,501,97547,382,-687
"London",51,2012,2955,3852,920,607,100289,313,-897
"London",51,2013,3010,3770,1037,515,103290,522,-760
"London",52,2002,1998,3121,584,260,78272,324,-1123
"London",52,2003,2030,3057,710,755,76856,-45,-1027
"London",52,2004,1993,3110,373,613,76639,-240,-1117
"London",52,2005,2083,3002,883,704,77077,179,-919
"London",52,2006,2176,3036,622,424,78206,198,-860
"London",52,2007,2319,3313,508,544,79629,-36,-994
"London",52,2008,2198,3149,1018,341,83851,677,-951
"London",52,2009,2372,2953,814,567,85999,247,-581
"London",52,2010,2469,3036,379,618,89369,-239,-567
"London",52,2011,2486,3147,900,478,92886,422,-661
"London",52,2012,2880,3567,853,601,96831,252,-687
"London",52,2013,2919,3720,928,508,99590,420,-801
"London",53,2002,1934,3177,588,239,79607,349,-1243
"London",53,2003,1905,2954,682,750,76959,-68,-1049
"London",53,2004,1970,3118,367,599,75258,-232,-1148
"London",53,2005,1891,2770,860,685,75752,175,-879
"London",53,2006,1958,2770,608,390,76355,218,-812
"London",53,2007,2144,3142,483,530,76948,-47,-998
"London",53,2008,2095,2937,972,334,79246,638,-842
"London",53,2009,2078,2701,791,540,83356,251,-623
"London",53,2010,2294,2842,371,610,84889,-239,-548
"London",53,2011,2271,2857,836,462,88776,374,-586
"London",53,2012,2452,3257,876,457,92173,419,-805
"London",53,2013,2744,3455,903,446,96312,457,-711
"London",54,2002,1916,3198,585,244,83139,341,-1282
"London",54,2003,1883,2951,673,739,78080,-66,-1068
"London",54,2004,1931,3013,351,625,75299,-274,-1082
"London",54,2005,1815,2670,859,682,74324,177,-855
"London",54,2006,1872,2685,613,392,74880,221,-813
"London",54,2007,1963,2846,483,538,75262,-55,-883
"London",54,2008,1895,2759,983,332,76525,651,-864
"London",54,2009,1972,2544,793,553,78689,240,-572
"London",54,2010,2161,2752,381,613,82378,-232,-591
"London",54,2011,2144,2666,838,476,84433,362,-522
"London",54,2012,2290,3046,819,473,88037,346,-756
"London",54,2013,2374,3088,901,430,91630,471,-714
"London",55,2002,1857,3295,504,488,85893,16,-1438
"London",55,2003,1829,3236,339,683,80896,-344,-1407
"London",55,2004,1784,3023,551,436,76528,115,-1239
"London",55,2005,1768,2813,424,358,74084,66,-1045
"London",55,2006,1705,2680,333,280,73124,53,-975
"London",55,2007,1869,2901,298,194,73687,104,-1032
"London",55,2008,1807,2681,350,755,73839,-405,-874
"London",55,2009,1797,2311,400,292,75913,108,-514
"London",55,2010,1881,2547,460,357,77906,103,-666
"London",55,2011,1954,2529,521,346,81812,175,-575
"London",55,2012,2095,2809,783,400,83764,383,-714
"London",55,2013,2249,3014,809,353,87432,456,-765
"London",56,2002,1615,2755,467,457,70798,10,-1140
"London",56,2003,1817,3392,321,608,83739,-287,-1575
"London",56,2004,1764,3075,498,369,79159,129,-1311
"London",56,2005,1708,2710,396,313,75199,83,-1002
"London",56,2006,1691,2648,304,275,72869,29,-957
"London",56,2007,1842,2824,265,174,71953,91,-982
"London",56,2008,1789,2681,298,745,72072,-447,-892
"London",56,2009,1614,2122,366,277,73222,89,-508
"London",56,2010,1823,2406,421,327,75159,94,-583
"London",56,2011,1726,2289,470,318,77245,152,-563
"London",56,2012,2004,2809,699,394,80965,305,-805
"London",56,2013,2083,2805,776,351,83118,425,-722
"London",57,2002,1351,2501,469,412,66894,57,-1150
"London",57,2003,1449,2627,328,604,68994,-276,-1178
"London",57,2004,1723,3270,505,410,82014,95,-1547
"London",57,2005,1653,2734,368,296,77548,72,-1081
"London",57,2006,1529,2548,296,210,73826,86,-1019
"London",57,2007,1708,2774,271,144,71684,127,-1066
"London",57,2008,1518,2423,309,658,70424,-349,-905
"London",57,2009,1486,2057,357,215,71354,142,-571
"London",57,2010,1615,2180,415,302,72590,113,-565
"London",57,2011,1662,2224,455,281,74499,174,-562
"London",57,2012,1800,2486,692,365,76550,327,-686
"London",57,2013,1839,2538,809,341,80347,468,-699
"London",58,2002,1311,2524,378,348,64694,30,-1213
"London",58,2003,1339,2431,264,432,65244,-168,-1092
"London",58,2004,1401,2625,369,285,67503,84,-1224
"London",58,2005,1675,2865,309,242,80630,67,-1190
"London",58,2006,1625,2784,239,187,75894,52,-1159
"London",58,2007,1515,2681,215,119,72312,96,-1166
"London",58,2008,1572,2474,256,505,70264,-249,-902
"London",58,2009,1488,2062,292,164,69680,128,-574
"London",58,2010,1543,2190,331,213,70485,118,-647
"London",58,2011,1456,2098,366,222,71901,144,-642
"London",58,2012,1613,2436,593,396,73511,197,-823
"London",58,2013,1702,2405,725,363,75859,362,-703
"London",59,2002,1236,2409,391,329,62808,62,-1173
"London",59,2003,1295,2484,266,465,63090,-199,-1189
"London",59,2004,1245,2395,402,313,63793,89,-1150
"London",59,2005,1354,2312,281,219,66241,62,-958
"London",59,2006,1489,2677,232,193,79151,39,-1188
"London",59,2007,1558,2747,216,123,74203,93,-1189
"London",59,2008,1443,2386,265,544,70616,-279,-943
"London",59,2009,1407,1972,304,179,69506,125,-565
"London",59,2010,1378,2029,343,237,68792,106,-651
"London",59,2011,1362,2005,362,218,69678,144,-643
"London",59,2012,1461,2274,637,394,70900,243,-813
"London",59,2013,1487,2305,681,321,72671,360,-818
"London",60,2002,1135,2369,359,146,56785,213,-1234
"London",60,2003,1197,2468,286,184,61164,102,-1271
"London",60,2004,1267,2560,248,298,61522,-50,-1293
"London",60,2005,1246,2200,675,824,62276,-149,-954
"London",60,2006,1297,2383,336,688,64387,-352,-1086
"London",60,2007,1569,3207,297,608,76873,-311,-1638
"London",60,2008,1457,2731,191,120,72394,71,-1274
"London",60,2009,1301,1990,318,220,69521,98,-689
"London",60,2010,1380,2152,360,217,68521,143,-772
"London",60,2011,1300,1968,285,338,67681,-53,-668
"London",60,2012,1375,2253,552,395,68566,157,-878
"London",60,2013,1479,2244,610,294,70016,316,-765
"London",61,2002,1049,2114,331,141,53839,190,-1065
"London",61,2003,1088,2199,276,173,55343,103,-1111
"London",61,2004,1103,2448,229,237,59333,-8,-1345
"London",61,2005,1185,2221,644,827,60041,-183,-1036
"London",61,2006,1241,2324,283,476,60531,-193,-1083
"London",61,2007,1259,2460,273,512,62494,-239,-1201
"London",61,2008,1417,2775,180,92,75267,88,-1358
"London",61,2009,1246,2003,288,157,71142,131,-757
"London",61,2010,1309,2166,326,168,68271,158,-857
"London",61,2011,1289,2004,260,243,67453,17,-715
"London",61,2012,1330,2150,628,371,66678,257,-820
"London",61,2013,1391,2202,640,298,67663,342,-811
"London",62,2002,1043,2238,312,133,56431,179,-1195
"London",62,2003,969,1891,252,186,52332,66,-922
"London",62,2004,1061,2120,206,265,53758,-59,-1059
"London",62,2005,1018,1965,561,690,57786,-129,-947
"London",62,2006,1173,2209,278,522,58491,-244,-1036
"London",62,2007,1201,2346,252,501,58670,-249,-1145
"London",62,2008,1162,2095,148,116,61159,32,-933
"London",62,2009,1250,1991,250,174,74204,76,-741
"London",62,2010,1265,2174,299,162,69702,137,-909
"London",62,2011,1142,1846,241,260,67007,-19,-704
"London",62,2012,1213,2093,675,347,66354,328,-880
"London",62,2013,1289,2082,761,282,65862,479,-793
"London",63,2002,1001,2079,314,139,56614,175,-1078
"London",63,2003,1073,2048,253,183,54995,70,-975
"London",63,2004,924,1841,200,240,50754,-40,-917
"London",63,2005,1003,1822,542,663,52353,-121,-819
"London",63,2006,1018,1854,269,506,56199,-237,-836
"London",63,2007,1157,2177,249,507,56896,-258,-1020
"London",63,2008,1037,1893,171,98,57416,73,-856
"London",63,2009,963,1572,259,159,60218,100,-609
"London",63,2010,1189,2046,302,150,73107,152,-857
"London",63,2011,1116,1862,236,245,68286,-9,-746
"London",63,2012,1109,2033,695,265,65955,430,-924
"London",63,2013,1225,2024,740,245,65530,495,-799
"London",64,2002,980,2008,266,114,55051,152,-1028
"London",64,2003,951,1990,208,144,55014,64,-1039
"London",64,2004,1004,2027,162,196,53371,-34,-1023
"London",64,2005,940,1629,441,601,49272,-160,-689
"London",64,2006,926,1717,216,398,50928,-182,-791
"London",64,2007,1095,1967,199,414,54613,-215,-872
"London",64,2008,1001,1856,136,87,55758,49,-855
"London",64,2009,837,1451,204,132,56384,72,-614
"London",64,2010,974,1650,238,137,59163,101,-676
"London",64,2011,1076,1879,192,220,71850,-28,-803
"London",64,2012,1133,2069,543,325,67017,218,-936
"London",64,2013,1094,1948,673,226,65037,447,-854
"London",65,2002,891,2011,266,217,53747,49,-1120
"London",65,2003,932,1995,322,274,53362,48,-1063
"London",65,2004,960,2072,278,374,53133,-96,-1112
"London",65,2005,990,1757,116,179,51944,-63,-767
"London",65,2006,863,1593,303,771,47445,-468,-730
"London",65,2007,863,1835,250,345,49357,-95,-972
"London",65,2008,893,1798,609,341,53420,268,-905
"London",65,2009,857,1428,433,235,55077,198,-571
"London",65,2010,898,1681,304,198,55225,106,-783
"London",65,2011,860,1552,412,425,57976,-13,-692
"London",65,2012,1124,2281,494,278,70267,216,-1157
"London",65,2013,1148,2049,601,220,65868,381,-901
"London",66,2002,822,1843,198,178,51679,20,-1021
"London",66,2003,922,1848,211,223,52012,-12,-926
"London",66,2004,924,1886,185,258,51680,-73,-962
"London",66,2005,935,1718,79,145,51619,-66,-783
"London",66,2006,931,1709,226,541,50290,-315,-778
"London",66,2007,845,1668,176,215,45882,-39,-823
"London",66,2008,833,1622,435,268,48242,167,-789
"London",66,2009,693,1272,304,165,52432,139,-579
"London",66,2010,824,1509,237,129,54130,108,-685
"London",66,2011,847,1464,274,273,54086,1,-617
"London",66,2012,892,1689,519,199,56884,320,-797
"London",66,2013,1081,1989,476,181,68919,295,-908
"London",67,2002,789,1573,213,132,49563,81,-784
"London",67,2003,858,1659,256,224,50083,32,-801
"London",67,2004,840,1678,224,296,50266,-72,-838
"London",67,2005,815,1524,78,98,50216,-20,-709
"London",67,2006,866,1569,221,541,49839,-320,-703
"London",67,2007,806,1582,202,293,48786,-91,-776
"London",67,2008,712,1282,449,194,44869,255,-570
"London",67,2009,653,1048,348,154,47508,194,-395
"London",67,2010,786,1305,235,133,51458,102,-519
"London",67,2011,743,1269,325,305,53251,20,-526
"London",67,2012,883,1465,431,178,53130,253,-582
"London",67,2013,879,1547,541,163,55959,378,-668
"London",68,2002,705,1386,183,99,47123,84,-681
"London",68,2003,703,1383,224,166,48118,58,-680
"London",68,2004,777,1460,179,216,48555,-37,-683
"London",68,2005,749,1329,62,70,48809,-8,-580
"London",68,2006,734,1360,184,427,48584,-243,-626
"London",68,2007,854,1517,167,249,48382,-82,-663
"London",68,2008,799,1373,363,132,47787,231,-574
"London",68,2009,550,861,287,172,43979,115,-311
"London",68,2010,678,1105,173,104,46621,69,-427
"London",68,2011,665,1134,275,239,50417,36,-469
"London",68,2012,765,1309,390,202,52201,188,-544
"London",68,2013,787,1319,473,198,52216,275,-532
"London",69,2002,662,1279,173,135,46637,38,-617
"London",69,2003,622,1241,187,186,45583,1,-619
"London",69,2004,659,1335,164,225,46468,-61,-676
"London",69,2005,742,1258,59,102,47175,-43,-516
"London",69,2006,720,1246,202,404,47190,-202,-526
"London",69,2007,727,1314,153,221,47138,-68,-587
"London",69,2008,725,1231,390,201,47308,189,-506
"London",69,2009,666,959,268,136,46976,132,-293
"London",69,2010,526,910,194,58,42975,136,-384
"London",69,2011,571,927,250,228,45741,22,-356
"London",69,2012,735,1234,303,207,49295,96,-499
"London",69,2013,726,1274,382,155,51192,227,-548
"London",70,2002,678,1261,134,64,46269,70,-583
"London",70,2003,696,1243,128,134,45075,-6,-547
"London",70,2004,700,1281,93,114,44043,-21,-581
"London",70,2005,639,1080,59,27,45148,32,-441
"London",70,2006,659,1122,83,215,45752,-132,-463
"London",70,2007,685,1246,58,104,45653,-46,-561
"London",70,2008,656,1152,181,90,45942,91,-496
"London",70,2009,610,893,132,95,46276,37,-283
"London",70,2010,646,973,115,72,45972,43,-327
"London",70,2011,548,892,121,175,41811,-54,-344
"London",70,2012,653,1022,371,203,44882,168,-369
"London",70,2013,691,1150,360,152,48314,208,-459
"London",71,2002,701,1244,114,47,46167,67,-543
"London",71,2003,613,1115,108,103,44635,5,-502
"London",71,2004,641,1167,79,77,43510,2,-526
"London",71,2005,628,1044,60,29,42709,31,-416
"London",71,2006,675,1075,93,203,43681,-110,-400
"London",71,2007,689,1159,62,87,44355,-25,-470
"London",71,2008,559,1002,171,58,44435,113,-443
"London",71,2009,523,820,114,63,44886,51,-297
"London",71,2010,582,861,116,59,45248,57,-279
"London",71,2011,547,832,103,155,44906,-52,-285
"London",71,2012,630,960,289,179,40840,110,-330
"London",71,2013,631,970,357,163,44011,194,-339
"London",72,2002,620,1139,126,59,44985,67,-519
"London",72,2003,623,1101,104,103,44447,1,-478
"London",72,2004,609,1127,80,64,43026,16,-518
"London",72,2005,572,980,64,37,42019,27,-408
"London",72,2006,521,912,95,210,41293,-115,-391
"London",72,2007,661,1060,56,57,42340,-1,-399
"London",72,2008,536,933,185,87,43137,98,-397
"London",72,2009,503,786,114,76,43244,38,-283
"London",72,2010,542,805,132,35,43886,97,-263
"London",72,2011,543,838,101,105,44142,-4,-295
"London",72,2012,618,893,290,177,43873,113,-275
"London",72,2013,624,833,303,124,40003,179,-209
"London",73,2002,568,992,110,43,42214,67,-424
"London",73,2003,575,1021,109,76,43299,33,-446
"London",73,2004,594,1102,84,63,42637,21,-508
"London",73,2005,530,877,54,23,41569,31,-347
"London",73,2006,516,882,75,182,40493,-107,-366
"London",73,2007,553,973,57,58,39898,-1,-420
"London",73,2008,505,834,145,44,41064,101,-329
"London",73,2009,464,697,105,48,41993,57,-233
"London",73,2010,529,808,97,20,42010,77,-279
"London",73,2011,476,785,101,89,42688,12,-309
"London",73,2012,558,876,245,68,43132,177,-318
"London",73,2013,574,872,247,66,42819,181,-298
"London",74,2002,501,949,102,42,40305,60,-448
"London",74,2003,518,907,78,67,40469,11,-389
"London",74,2004,555,1026,59,54,41470,5,-471
"London",74,2005,468,807,39,23,41030,16,-339
"London",74,2006,569,931,69,146,40002,-77,-362
"London",74,2007,511,886,38,44,39037,-6,-375
"London",74,2008,490,792,117,43,38702,74,-302
"London",74,2009,413,650,87,37,39843,50,-237
"London",74,2010,463,683,86,41,40764,45,-220
"London",74,2011,532,679,74,88,40815,-14,-147
"London",74,2012,516,834,249,40,41631,209,-318
"London",74,2013,530,758,234,29,42182,205,-228
"London",75,2002,505,903,32,11,38926,21,-398
"London",75,2003,510,928,78,39,38468,39,-418
"London",75,2004,497,933,37,39,38568,-2,-436
"London",75,2005,537,826,12,7,39812,5,-289
"London",75,2006,514,854,20,102,39301,-82,-340
"London",75,2007,528,878,39,71,38475,-32,-350
"London",75,2008,458,788,56,20,37593,36,-330
"London",75,2009,445,608,49,10,37503,39,-163
"London",75,2010,464,665,28,18,38617,10,-201
"London",75,2011,465,675,58,38,39541,20,-210
"London",75,2012,522,830,210,30,39634,180,-308
"London",75,2013,532,788,224,18,40535,206,-256
"London",76,2002,484,858,28,13,37581,15,-374
"London",76,2003,488,863,73,29,36940,44,-375
"London",76,2004,524,925,37,40,36573,-3,-401
"London",76,2005,507,830,13,12,36773,1,-323
"London",76,2006,528,851,25,101,38068,-76,-323
"London",76,2007,540,903,42,53,37597,-11,-363
"London",76,2008,450,770,57,21,36943,36,-320
"London",76,2009,433,612,41,24,36248,17,-179
"London",76,2010,432,646,36,19,36245,17,-214
"London",76,2011,464,634,54,25,37331,29,-170
"London",76,2012,493,722,177,48,38348,129,-229
"London",76,2013,512,756,232,21,38415,211,-244
"London",77,2002,479,855,18,16,36356,2,-376
"London",77,2003,456,814,51,32,35481,19,-358
"London",77,2004,462,826,21,24,34907,-3,-364
"London",77,2005,441,674,10,12,34892,-2,-233
"London",77,2006,430,707,21,69,35014,-48,-277
"London",77,2007,471,844,26,46,36312,-20,-373
"London",77,2008,424,730,34,9,35911,25,-306
"London",77,2009,398,588,25,13,35472,12,-190
"London",77,2010,426,598,17,12,34898,5,-172
"London",77,2011,418,589,30,30,34950,0,-171
"London",77,2012,440,682,175,18,36072,157,-242
"London",77,2013,467,668,166,19,37078,147,-201
"London",78,2002,452,831,34,12,35076,22,-379
"London",78,2003,504,845,70,32,34270,38,-341
"London",78,2004,494,828,45,45,33449,0,-334
"London",78,2005,430,707,10,6,33021,4,-277
"London",78,2006,406,694,20,93,33025,-73,-288
"London",78,2007,458,790,38,67,33173,-29,-332
"London",78,2008,441,715,56,21,34585,35,-274
"London",78,2009,394,592,44,19,34359,25,-198
"London",78,2010,392,623,28,19,34043,9,-231
"London",78,2011,409,606,58,51,33485,7,-197
"London",78,2012,467,666,135,15,33741,120,-199
"London",78,2013,430,608,166,10,34843,156,-178
"London",79,2002,512,926,7,3,33491,4,-414
"London",79,2003,466,785,40,20,32915,20,-319
"London",79,2004,438,801,12,6,32151,6,-363
"London",79,2005,405,671,4,3,31427,1,-266
"London",79,2006,414,699,11,29,31090,-18,-285
"London",79,2007,441,762,21,24,31141,-3,-321
"London",79,2008,404,657,31,4,31494,27,-253
"London",79,2009,442,662,25,1,32942,24,-220
"London",79,2010,360,617,14,0,32650,14,-257
"London",79,2011,377,628,28,11,32448,17,-251
"London",79,2012,391,555,129,27,32147,102,-164
"London",79,2013,422,612,177,8,32462,169,-190
"London",80,2002,489,838,6,2,32345,4,-349
"London",80,2003,413,778,29,14,31151,15,-365
"London",80,2004,450,841,6,8,30574,-2,-391
"London",80,2005,394,700,7,0,30090,7,-306
"London",80,2006,430,689,10,16,29525,-6,-259
"London",80,2007,426,706,5,9,29139,-4,-280
"London",80,2008,383,662,5,6,29307,-1,-279
"London",80,2009,376,561,1,2,29779,-1,-185
"London",80,2010,391,614,0,1,31279,-1,-223
"London",80,2011,387,540,0,3,31009,-3,-153
"London",80,2012,363,627,128,28,30912,100,-264
"London",80,2013,399,605,111,6,30750,105,-206
"London",81,2002,447,810,4,3,31193,1,-363
"London",81,2003,470,814,28,12,29892,16,-344
"London",81,2004,465,830,4,10,28764,-6,-365
"London",81,2005,389,719,11,3,28322,8,-330
"London",81,2006,391,697,10,7,27996,3,-306
"London",81,2007,423,687,5,12,27634,-7,-264
"London",81,2008,367,621,5,5,27221,0,-254
"London",81,2009,347,526,2,3,27524,-1,-179
"London",81,2010,403,598,0,2,28054,-2,-195
"London",81,2011,429,630,0,6,29574,-6,-201
"London",81,2012,417,657,95,11,29393,84,-240
"London",81,2013,339,601,123,10,29452,113,-262
"London",82,2002,500,894,3,0,30412,3,-394
"London",82,2003,450,770,28,10,28583,18,-320
"London",82,2004,477,740,3,2,27522,1,-263
"London",82,2005,393,697,3,2,26474,1,-304
"London",82,2006,389,654,0,3,26193,-3,-265
"London",82,2007,410,725,4,2,25999,2,-315
"London",82,2008,372,653,6,4,25623,2,-281
"London",82,2009,351,556,0,0,25321,0,-205
"London",82,2010,331,559,0,0,25717,0,-228
"London",82,2011,362,565,2,0,26377,2,-203
"London",82,2012,427,667,79,14,27838,65,-240
"London",82,2013,363,616,104,8,27621,96,-253
"London",83,2002,336,579,6,1,21015,5,-243
"London",83,2003,463,836,26,7,27488,19,-373
"London",83,2004,457,808,6,0,25979,6,-351
"London",83,2005,420,677,5,1,25172,4,-257
"London",83,2006,372,619,0,3,24329,-3,-247
"London",83,2007,407,668,12,0,24123,12,-261
"London",83,2008,340,595,7,2,23970,5,-255
"London",83,2009,345,576,0,0,23759,0,-231
"London",83,2010,314,522,0,0,23418,0,-208
"London",83,2011,324,519,0,0,23931,0,-195
"London",83,2012,380,582,69,9,24630,60,-202
"London",83,2013,387,551,81,2,26071,79,-164
"London",84,2002,283,595,3,0,16267,3,-312
"London",84,2003,293,537,27,10,19082,17,-244
"London",84,2004,439,826,4,2,24595,2,-387
"London",84,2005,398,716,2,1,23427,1,-318
"London",84,2006,374,667,0,6,22862,-6,-293
"London",84,2007,370,654,5,4,22177,1,-284
"London",84,2008,334,619,4,0,22035,4,-285
"London",84,2009,350,542,1,0,22010,1,-192
"London",84,2010,369,581,0,1,21806,-1,-212
"London",84,2011,326,519,0,3,21562,-3,-193
"London",84,2012,360,606,45,4,22086,41,-246
"London",84,2013,337,541,53,1,22838,52,-204
"London",85,2002,360,595,7,2,16700,5,-235
"London",85,2003,295,518,35,15,14442,20,-223
"London",85,2004,315,541,8,0,17215,8,-226
"London",85,2005,407,717,11,1,21881,10,-310
"London",85,2006,395,664,5,13,21023,-8,-269
"London",85,2007,368,652,3,2,20721,1,-284
"London",85,2008,310,603,2,2,20078,0,-293
"London",85,2009,309,541,3,2,19951,1,-232
"London",85,2010,365,535,3,0,20043,3,-170
"London",85,2011,342,533,1,8,19903,-7,-191
"London",85,2012,364,581,69,13,19745,56,-217
"London",85,2013,327,535,65,3,20353,62,-208
"London",86,2002,406,655,3,2,16264,1,-249
"London",86,2003,299,582,26,2,14664,24,-283
"London",86,2004,289,496,1,2,12591,-1,-207
"London",86,2005,249,471,2,1,15402,1,-222
"London",86,2006,400,710,7,4,19290,3,-310
"London",86,2007,354,670,3,2,18562,1,-316
"London",86,2008,340,589,0,4,18558,-4,-249
"London",86,2009,295,510,1,4,18018,-3,-215
"London",86,2010,342,564,0,2,17987,-2,-222
"London",86,2011,317,550,0,2,18067,-2,-233
"London",86,2012,316,514,51,8,18073,43,-198
"London",86,2013,324,549,65,2,17988,63,-225
"London",87,2002,340,622,1,1,15225,0,-282
"London",87,2003,309,609,18,0,14073,18,-300
"London",87,2004,272,514,1,0,12680,1,-242
"London",87,2005,222,376,2,1,10949,1,-154
"London",87,2006,275,452,0,2,13811,-2,-177
"London",87,2007,323,638,6,0,16842,6,-315
"London",87,2008,343,550,0,0,16279,0,-207
"London",87,2009,306,478,0,1,16463,-1,-172
"London",87,2010,356,561,0,0,15995,0,-205
"London",87,2011,302,465,0,1,16171,-1,-163
"London",87,2012,321,553,39,5,16241,34,-232
"London",87,2013,298,525,58,6,16244,52,-227
"London",88,2002,308,577,3,1,13216,2,-269
"London",88,2003,315,569,17,1,13122,16,-254
"London",88,2004,314,537,2,1,12022,1,-223
"London",88,2005,238,450,1,0,10872,1,-212
"London",88,2006,234,393,0,2,9441,-2,-159
"London",88,2007,227,396,0,2,12249,-2,-169
"London",88,2008,334,596,4,1,14420,3,-262
"London",88,2009,306,496,0,1,14114,-1,-190
"London",88,2010,297,550,0,1,14464,-1,-253
"London",88,2011,271,488,0,1,14129,-1,-217
"London",88,2012,335,500,28,4,14439,24,-165
"London",88,2013,347,544,30,5,14372,25,-197
"London",89,2002,311,502,0,0,11351,0,-191
"London",89,2003,310,531,18,0,11167,18,-221
"London",89,2004,267,537,2,0,11061,2,-270
"London",89,2005,266,470,0,1,10121,-1,-204
"London",89,2006,226,390,0,0,9312,0,-164
"London",89,2007,204,362,4,0,8052,4,-158
"London",89,2008,203,332,0,1,10796,-1,-129
"London",89,2009,286,503,0,0,12079,0,-217
"London",89,2010,282,488,0,0,12061,0,-206
"London",89,2011,258,418,0,0,12629,0,-160
"London",89,2012,269,437,26,7,12354,19,-168
"London",89,2013,284,446,26,2,12622,24,-162
"London",90,2002,1154,2020,4,1,39071,3,-866
"London",90,2003,1252,2150,17,0,39964,17,-898
"London",90,2004,1254,2195,3,1,40331,2,-941
"London",90,2005,1163,1986,4,0,40933,4,-823
"London",90,2006,1152,2002,7,0,40845,7,-850
"London",90,2007,1144,1908,3,0,40403,3,-764
"London",90,2008,1036,1794,6,1,38514,5,-758
"London",90,2009,967,1716,0,0,39535,0,-749
"London",90,2010,1159,1873,0,0,41595,0,-714
"London",90,2011,1141,1969,0,0,43190,0,-828
"London",90,2012,1243,2048,133,7,45623,126,-805
"London",90,2013,1205,2044,141,6,47209,135,-839
"North East",0,2002,1225,1129,87,63,25777,24,96
"North East",0,2003,1262,1184,71,59,26612,12,78
"North East",0,2004,1293,1136,70,93,27533,-23,157
"North East",0,2005,1244,1154,72,32,27807,40,90
"North East",0,2006,1304,1204,89,81,28925,8,100
"North East",0,2007,1329,1268,145,69,29065,76,61
"North East",0,2008,1359,1294,82,69,30252,13,65
"North East",0,2009,1395,1354,58,29,29553,29,41
"North East",0,2010,1478,1446,63,19,30272,44,32
"North East",0,2011,1446,1395,113,37,30640,76,51
"North East",0,2012,953,843,125,35,30558,90,110
"North East",0,2013,900,848,83,26,29677,57,52
"North East",1,2002,1304,1158,80,65,26058,15,146
"North East",1,2003,1283,1116,66,61,25928,5,167
"North East",1,2004,1186,1046,66,91,26658,-25,140
"North East",1,2005,1220,1140,62,29,27542,33,80
"North East",1,2006,1214,1124,80,77,27836,3,90
"North East",1,2007,1249,1187,125,73,29075,52,62
"North East",1,2008,1321,1208,80,58,29169,22,113
"North East",1,2009,1280,1291,54,29,30179,25,-11
"North East",1,2010,1383,1333,52,21,29569,31,50
"North East",1,2011,1342,1373,104,36,30270,68,-31
"North East",1,2012,1475,1435,144,36,30774,108,40
"North East",1,2013,1495,1465,180,33,30718,147,30
"North East",2,2002,1258,1123,88,66,27343,22,135
"North East",2,2003,1269,1125,69,61,26261,8,144
"North East",2,2004,1057,989,69,95,25961,-26,68
"North East",2,2005,968,972,70,36,26650,34,-4
"North East",2,2006,1110,1031,83,84,27523,-1,79
"North East",2,2007,1220,1139,139,69,27935,70,81
"North East",2,2008,1275,1176,82,57,29257,25,99
"North East",2,2009,1169,1157,59,29,29188,30,12
"North East",2,2010,1260,1223,54,20,30177,34,37
"North East",2,2011,1302,1263,113,32,29641,81,39
"North East",2,2012,1386,1336,146,31,30437,115,50
"North East",2,2013,1445,1411,166,26,30945,140,34
"North East",3,2002,1149,1113,82,49,27926,33,36
"North East",3,2003,1149,1054,68,57,27468,11,95
"North East",3,2004,1050,965,57,81,26369,-24,85
"North East",3,2005,880,918,66,34,25952,32,-38
"North East",3,2006,987,943,69,65,26660,4,44
"North East",3,2007,1118,1098,122,53,27517,69,20
"North East",3,2008,1069,1033,73,54,27946,19,36
"North East",3,2009,1003,1082,55,25,29267,30,-79
"North East",3,2010,968,1032,51,19,29143,32,-64
"North East",3,2011,1101,1082,100,28,30196,72,19
"North East",3,2012,1151,1141,126,51,29728,75,10
"North East",3,2013,1294,1253,151,32,30597,119,41
"North East",4,2002,1065,999,80,59,28900,21,66
"North East",4,2003,1020,960,60,53,28068,7,60
"North East",4,2004,924,883,53,85,27524,-32,41
"North East",4,2005,825,806,56,30,26473,26,19
"North East",4,2006,834,803,69,64,25996,5,31
"North East",4,2007,896,842,112,55,26734,57,54
"North East",4,2008,950,920,65,45,27475,20,30
"North East",4,2009,876,918,52,28,27890,24,-42
"North East",4,2010,925,935,50,21,29352,29,-10
"North East",4,2011,956,890,90,32,29246,58,66
"North East",4,2012,1059,1007,120,37,30332,83,52
"North East",4,2013,1083,1069,122,22,29844,100,14
"North East",5,2002,933,911,76,35,30054,41,22
"North East",5,2003,933,850,60,30,29072,30,83
"North East",5,2004,884,837,58,69,28195,-11,47
"North East",5,2005,731,737,40,32,27553,8,-6
"North East",5,2006,742,742,39,46,26513,-7,0
"North East",5,2007,768,726,87,53,26069,34,42
"North East",5,2008,724,725,58,33,26718,25,-1
"North East",5,2009,730,772,65,25,27386,40,-42
"North East",5,2010,792,823,55,20,27850,35,-31
"North East",5,2011,847,794,43,34,29468,9,53
"North East",5,2012,811,881,108,44,29241,64,-70
"North East",5,2013,900,891,104,25,30419,79,9
"North East",6,2002,887,878,71,30,30193,41,9
"North East",6,2003,879,836,57,27,30203,30,43
"North East",6,2004,851,791,59,61,29190,-2,60
"North East",6,2005,701,681,29,31,28297,-2,20
"North East",6,2006,674,651,29,42,27599,-13,23
"North East",6,2007,738,726,77,41,26612,36,12
"North East",6,2008,693,705,50,28,26080,22,-12
"North East",6,2009,679,745,54,20,26645,34,-66
"North East",6,2010,674,668,49,17,27337,32,6
"North East",6,2011,689,706,39,26,27796,13,-17
"North East",6,2012,756,810,80,45,29452,35,-54
"North East",6,2013,761,793,97,32,29278,65,-32
"North East",7,2002,840,862,72,29,30554,43,-22
"North East",7,2003,818,773,48,26,30324,22,45
"North East",7,2004,780,761,54,58,30286,-4,19
"North East",7,2005,657,700,32,32,29206,0,-43
"North East",7,2006,628,659,30,49,28328,-19,-31
"North East",7,2007,679,652,78,43,27698,35,27
"North East",7,2008,648,642,52,33,26693,19,6
"North East",7,2009,602,618,59,23,26099,36,-16
"North East",7,2010,646,651,53,16,26639,37,-5
"North East",7,2011,700,718,40,27,27241,13,-18
"North East",7,2012,685,700,98,22,27858,76,-15
"North East",7,2013,771,733,89,31,29556,58,38
"North East",8,2002,910,864,71,35,31649,36,46
"North East",8,2003,791,775,57,27,30627,30,16
"North East",8,2004,772,718,62,64,30434,-2,54
"North East",8,2005,671,665,36,31,30371,5,6
"North East",8,2006,690,622,31,44,29317,-13,68
"North East",8,2007,696,691,77,48,28439,29,5
"North East",8,2008,634,644,51,30,27747,21,-10
"North East",8,2009,620,649,54,20,26751,34,-29
"North East",8,2010,592,658,50,20,26064,30,-66
"North East",8,2011,617,624,39,31,26605,8,-7
"North East",8,2012,687,702,82,24,27284,58,-15
"North East",8,2013,630,670,71,14,27874,57,-40
"North East",9,2002,859,915,71,31,32260,40,-56
"North East",9,2003,802,762,57,27,31705,30,40
"North East",9,2004,773,736,58,58,30693,0,37
"North East",9,2005,628,657,28,37,30458,-9,-29
"North East",9,2006,650,641,26,49,30434,-23,9
"North East",9,2007,693,714,79,40,29389,39,-21
"North East",9,2008,668,635,50,33,28570,17,33
"North East",9,2009,540,557,49,21,27795,28,-17
"North East",9,2010,550,590,46,17,26790,29,-40
"North East",9,2011,551,552,37,27,26076,10,-1
"North East",9,2012,623,645,83,14,26655,69,-22
"North East",9,2013,619,612,79,18,27353,61,7
"North East",10,2002,836,812,83,38,34074,45,24
"North East",10,2003,741,724,55,39,32279,16,17
"North East",10,2004,782,770,46,87,31681,-41,12
"North East",10,2005,614,641,59,32,30721,27,-27
"North East",10,2006,613,611,75,95,30502,-20,2
"North East",10,2007,647,642,73,35,30554,38,5
"North East",10,2008,603,625,42,46,29424,-4,-22
"North East",10,2009,639,657,44,20,28656,24,-18
"North East",10,2010,568,556,39,9,27872,30,12
"North East",10,2011,554,535,30,14,26879,16,19
"North East",10,2012,619,623,79,15,26137,64,-4
"North East",10,2013,538,573,75,13,26682,62,-35
"North East",11,2002,799,817,79,31,34321,48,-18
"North East",11,2003,811,783,57,29,34132,28,28
"North East",11,2004,721,693,46,74,32300,-28,28
"North East",11,2005,591,636,54,26,31651,28,-45
"North East",11,2006,535,576,71,88,30698,-17,-41
"North East",11,2007,612,640,68,30,30571,38,-28
"North East",11,2008,613,630,38,33,30612,5,-17
"North East",11,2009,544,562,43,16,29485,27,-18
"North East",11,2010,542,541,37,8,28768,29,1
"North East",11,2011,520,482,23,12,27959,11,38
"North East",11,2012,528,568,87,14,26909,73,-40
"North East",11,2013,547,518,74,13,26230,61,29
"North East",12,2002,707,713,78,28,33106,50,-6
"North East",12,2003,707,702,60,27,34279,33,5
"North East",12,2004,692,695,41,80,34088,-39,-3
"North East",12,2005,621,636,55,29,32307,26,-15
"North East",12,2006,593,593,66,86,31624,-20,0
"North East",12,2007,573,611,62,27,30719,35,-38
"North East",12,2008,554,596,36,35,30595,1,-42
"North East",12,2009,532,594,42,16,30653,26,-62
"North East",12,2010,560,543,38,4,29594,34,17
"North East",12,2011,536,542,26,8,28861,18,-6
"North East",12,2012,529,606,95,16,27960,79,-77
"North East",12,2013,523,555,93,10,26960,83,-32
"North East",13,2002,641,654,78,29,32850,49,-13
"North East",13,2003,656,608,63,34,32981,29,48
"North East",13,2004,663,684,43,78,34140,-35,-21
"North East",13,2005,578,627,48,29,34059,19,-49
"North East",13,2006,576,630,59,78,32241,-19,-54
"North East",13,2007,573,624,63,29,31598,34,-51
"North East",13,2008,557,551,37,36,30760,1,6
"North East",13,2009,530,580,39,20,30629,19,-50
"North East",13,2010,518,563,38,11,30711,27,-45
"North East",13,2011,494,501,27,12,29662,15,-7
"North East",13,2012,486,554,87,8,28871,79,-68
"North East",13,2013,550,580,73,10,27996,63,-30
"North East",14,2002,714,739,72,21,33912,51,-25
"North East",14,2003,673,676,66,26,32697,40,-3
"North East",14,2004,642,671,44,79,32715,-35,-29
"North East",14,2005,614,664,53,29,34044,24,-50
"North East",14,2006,591,646,65,79,33990,-14,-55
"North East",14,2007,617,628,60,27,32258,33,-11
"North East",14,2008,595,609,34,34,31578,0,-14
"North East",14,2009,538,587,41,15,30765,26,-49
"North East",14,2010,580,610,36,9,30687,27,-30
"North East",14,2011,523,573,25,16,30743,9,-50
"North East",14,2012,561,597,83,17,29691,66,-36
"North East",14,2013,536,567,75,9,28906,66,-31
"North East",15,2002,703,674,204,56,33727,148,29
"North East",15,2003,641,615,195,47,33833,148,26
"North East",15,2004,616,588,141,48,32621,93,28
"North East",15,2005,532,569,147,24,32592,123,-37
"North East",15,2006,598,576,184,54,34109,130,22
"North East",15,2007,669,610,172,21,34188,151,59
"North East",15,2008,629,607,181,43,32421,138,22
"North East",15,2009,533,543,176,22,31719,154,-10
"North East",15,2010,525,523,138,22,30900,116,2
"North East",15,2011,555,495,144,23,30927,121,60
"North East",15,2012,610,597,99,28,30823,71,13
"North East",15,2013,595,577,102,22,29788,80,18
"North East",16,2002,697,622,209,55,34193,154,75
"North East",16,2003,680,662,209,42,33546,167,18
"North East",16,2004,657,619,154,46,33728,108,38
"North East",16,2005,674,640,165,30,32594,135,34
"North East",16,2006,629,546,206,67,32608,139,83
"North East",16,2007,731,604,200,21,34330,179,127
"North East",16,2008,709,628,204,43,34425,161,81
"North East",16,2009,582,582,196,24,32593,172,0
"North East",16,2010,620,558,160,20,31901,140,62
"North East",16,2011,618,551,166,27,31131,139,67
"North East",16,2012,613,527,111,63,31044,48,86
"North East",16,2013,589,489,100,42,30968,58,100
"North East",17,2002,917,870,235,66,33876,169,47
"North East",17,2003,963,841,236,55,34187,181,122
"North East",17,2004,909,867,178,51,33336,127,42
"North East",17,2005,879,788,199,37,33740,162,91
"North East",17,2006,965,827,256,75,32728,181,138
"North East",17,2007,881,819,234,28,32676,206,62
"North East",17,2008,873,751,245,57,34568,188,122
"North East",17,2009,915,831,235,28,34732,207,84
"North East",17,2010,877,752,202,24,32869,178,125
"North East",17,2011,760,710,210,30,32119,180,50
"North East",17,2012,871,763,165,92,31259,73,108
"North East",17,2013,805,669,173,54,31255,119,136
"North East",18,2002,2099,1662,327,96,32855,231,437
"North East",18,2003,2062,1750,315,88,34106,227,312
"North East",18,2004,2059,1632,306,101,34515,205,427
"North East",18,2005,2037,1620,374,50,33716,324,417
"North East",18,2006,2214,1611,490,162,34424,328,603
"North East",18,2007,2197,1682,466,56,33462,410,515
"North East",18,2008,2016,1525,464,110,33332,354,491
"North East",18,2009,1986,1627,470,66,35241,404,359
"North East",18,2010,2143,1652,428,54,35577,374,491
"North East",18,2011,2001,1547,436,50,33730,386,454
"North East",18,2012,2264,1772,397,140,32925,257,492
"North East",18,2013,2103,1455,299,88,32152,211,648
"North East",19,2002,7453,5477,464,150,34493,314,1976
"North East",19,2003,7188,5474,428,136,34601,292,1714
"North East",19,2004,7772,5681,470,165,36184,305,2091
"North East",19,2005,7738,5488,626,89,37020,537,2250
"North East",19,2006,7977,5456,846,260,36466,586,2521
"North East",19,2007,7841,5432,783,104,37286,679,2409
"North East",19,2008,7449,4916,777,193,36410,584,2533
"North East",19,2009,7714,5138,804,104,36440,700,2576
"North East",19,2010,8135,5354,740,97,38663,643,2781
"North East",19,2011,8049,5250,760,86,39080,674,2799
"North East",19,2012,8830,5679,670,207,37335,463,3151
"North East",19,2013,8765,5138,625,125,37042,500,3627
"North East",20,2002,4263,3393,567,254,34310,313,870
"North East",20,2003,4681,3533,448,332,35620,116,1148
"North East",20,2004,4687,3553,546,302,35731,244,1134
"North East",20,2005,4745,3574,695,191,37556,504,1171
"North East",20,2006,4289,3442,965,379,38149,586,847
"North East",20,2007,4134,3353,941,282,37548,659,781
"North East",20,2008,4296,3496,723,240,38309,483,800
"North East",20,2009,4617,3666,732,285,37610,447,951
"North East",20,2010,4314,3256,928,187,38048,741,1058
"North East",20,2011,4476,3496,1017,292,40272,725,980
"North East",20,2012,5544,4536,708,259,40486,449,1008
"North East",20,2013,4331,3999,733,232,38174,501,332
"North East",21,2002,3122,4154,711,315,33748,396,-1032
"North East",21,2003,3074,3947,571,406,33480,165,-873
"North East",21,2004,3107,4091,690,369,34753,321,-984
"North East",21,2005,3434,4522,891,239,34953,652,-1088
"North East",21,2006,3236,4207,1253,475,36976,778,-971
"North East",21,2007,3175,4382,1224,355,37408,869,-1207
"North East",21,2008,3174,4473,943,322,36447,621,-1299
"North East",21,2009,3432,4796,975,354,37280,621,-1364
"North East",21,2010,3008,3656,1236,250,37716,986,-648
"North East",21,2011,2915,3605,1356,382,38082,974,-690
"North East",21,2012,3474,4113,760,300,40008,460,-639
"North East",21,2013,3495,4352,747,267,40079,480,-857
"North East",22,2002,3207,4560,821,394,33227,427,-1353
"North East",22,2003,3434,4491,643,495,32778,148,-1057
"North East",22,2004,3364,4439,806,447,32678,359,-1075
"North East",22,2005,4174,5532,1042,280,33983,762,-1358
"North East",22,2006,4135,5382,1467,561,34310,906,-1247
"North East",22,2007,4489,5972,1430,425,36137,1005,-1483
"North East",22,2008,4403,5975,1099,381,36252,718,-1572
"North East",22,2009,4502,6230,1133,424,35056,709,-1728
"North East",22,2010,4479,6110,1431,303,36516,1128,-1631
"North East",22,2011,3829,6051,1563,463,36374,1100,-2222
"North East",22,2012,3701,5125,796,357,37062,439,-1424
"North East",22,2013,3947,5328,917,301,39217,616,-1381
"North East",23,2002,2822,3961,684,373,31005,311,-1139
"North East",23,2003,3295,4102,530,479,32491,51,-807
"North East",23,2004,3214,3877,698,409,32366,289,-663
"North East",23,2005,3507,4398,890,270,32351,620,-891
"North East",23,2006,3727,4751,1231,569,33453,662,-1024
"North East",23,2007,3729,4751,1220,430,33773,790,-1022
"North East",23,2008,3933,5075,924,393,35194,531,-1142
"North East",23,2009,3856,5073,928,421,35230,507,-1217
"North East",23,2010,3845,5104,1188,300,34325,888,-1259
"North East",23,2011,3792,5262,1307,459,35646,848,-1470
"North East",23,2012,3346,4919,772,411,35156,361,-1573
"North East",23,2013,3241,4596,865,331,36236,534,-1355
"North East",24,2002,2419,3044,610,364,27198,246,-625
"North East",24,2003,2562,3201,483,438,30452,45,-639
"North East",24,2004,2830,3287,604,372,32264,232,-457
"North East",24,2005,2884,3351,800,262,32367,538,-467
"North East",24,2006,2947,3449,1084,534,32322,550,-502
"North East",24,2007,3145,3781,1068,414,33296,654,-636
"North East",24,2008,3128,3814,802,371,33220,431,-686
"North East",24,2009,3096,3829,797,405,34510,392,-733
"North East",24,2010,3178,3980,1007,288,34817,719,-802
"North East",24,2011,3130,3875,1126,439,33871,687,-745
"North East",24,2012,2892,3819,553,448,34826,105,-927
"North East",24,2013,2813,3604,647,392,34619,255,-791
"North East",25,2002,2063,2384,512,358,26073,154,-321
"North East",25,2003,2266,2611,420,479,26922,-59,-345
"North East",25,2004,2523,2785,450,435,30293,15,-262
"North East",25,2005,2649,2904,706,341,32426,365,-255
"North East",25,2006,2705,2960,711,552,32239,159,-255
"North East",25,2007,2670,3028,841,443,32314,398,-358
"North East",25,2008,2743,3191,787,627,32881,160,-448
"North East",25,2009,2763,3176,658,456,32742,202,-413
"North East",25,2010,2817,3246,734,399,34106,335,-429
"North East",25,2011,2781,3177,801,510,34406,291,-396
"North East",25,2012,2689,3241,505,426,33429,79,-552
"North East",25,2013,2706,3252,580,333,34532,247,-546
"North East",26,2002,2095,2460,483,307,27411,176,-365
"North East",26,2003,2025,2258,382,419,25918,-37,-233
"North East",26,2004,2099,2308,407,383,26838,24,-209
"North East",26,2005,2580,2739,653,319,30567,334,-159
"North East",26,2006,2534,2739,657,495,32420,162,-205
"North East",26,2007,2522,2796,770,384,32335,386,-274
"North East",26,2008,2445,2770,714,563,32061,151,-325
"North East",26,2009,2589,2948,595,406,32542,189,-359
"North East",26,2010,2436,2762,663,353,32487,310,-326
"North East",26,2011,2410,2780,725,443,33702,282,-370
"North East",26,2012,2344,2817,480,442,33960,38,-473
"North East",26,2013,2404,2786,508,329,33181,179,-382
"North East",27,2002,2037,2319,442,263,28204,179,-282
"North East",27,2003,2194,2300,353,350,27413,3,-106
"North East",27,2004,1991,2086,374,339,25934,35,-95
"North East",27,2005,2050,2198,602,281,27099,321,-148
"North East",27,2006,2234,2358,598,430,30657,168,-124
"North East",27,2007,2440,2654,707,328,32623,379,-214
"North East",27,2008,2396,2560,660,464,32314,196,-164
"North East",27,2009,2267,2552,546,336,31890,210,-285
"North East",27,2010,2264,2556,606,279,32406,327,-292
"North East",27,2011,2238,2498,673,359,32233,314,-260
"North East",27,2012,2236,2542,435,393,33436,42,-306
"North East",27,2013,2328,2556,469,240,33980,229,-228
"North East",28,2002,2030,2102,425,249,29000,176,-72
"North East",28,2003,2088,2234,335,328,28167,7,-146
"North East",28,2004,2049,2111,352,312,27493,40,-62
"North East",28,2005,2001,2025,562,264,26308,298,-24
"North East",28,2006,2057,2060,565,399,27346,166,-3
"North East",28,2007,2174,2333,659,296,30923,363,-159
"North East",28,2008,2249,2428,620,428,32647,192,-179
"North East",28,2009,2223,2319,515,311,32359,204,-96
"North East",28,2010,2075,2292,569,265,31908,304,-217
"North East",28,2011,2076,2366,641,334,32246,307,-290
"North East",28,2012,2135,2430,369,393,31902,-24,-295
"North East",28,2013,2317,2535,425,260,33374,165,-218
"North East",29,2002,2022,2122,402,228,31135,174,-100
"North East",29,2003,1981,2071,327,300,29003,27,-90
"North East",29,2004,1954,1959,339,288,28330,51,-5
"North East",29,2005,1886,1939,518,232,27883,286,-53
"North East",29,2006,1845,1852,520,363,26582,157,-7
"North East",29,2007,1923,2013,614,266,27711,348,-90
"North East",29,2008,1987,2197,570,383,30993,187,-210
"North East",29,2009,2205,2282,479,282,32787,197,-77
"North East",29,2010,1978,2201,532,237,32434,295,-223
"North East",29,2011,1910,2127,587,299,31915,288,-217
"North East",29,2012,2121,2282,320,325,32076,-5,-161
"North East",29,2013,2096,2195,399,227,31964,172,-99
"North East",30,2002,1982,2068,324,251,33820,73,-86
"North East",30,2003,2020,2026,271,296,31164,-25,-6
"North East",30,2004,1913,1862,266,415,28953,-149,51
"North East",30,2005,1891,1904,371,193,28596,178,-13
"North East",30,2006,1779,1811,455,392,28026,63,-32
"North East",30,2007,1745,1792,394,296,26719,98,-47
"North East",30,2008,1765,1832,458,287,27907,171,-67
"North East",30,2009,1852,1947,430,247,31137,183,-95
"North East",30,2010,1871,2048,346,215,32741,131,-177
"North East",30,2011,1836,2001,385,284,32299,101,-165
"North East",30,2012,1847,2012,264,339,31681,-75,-165
"North East",30,2013,2036,2165,349,218,32079,131,-129
"North East",31,2002,1961,2015,306,220,35518,86,-54
"North East",31,2003,2028,2015,249,268,33890,-19,13
"North East",31,2004,1887,1789,240,370,31222,-130,98
"North East",31,2005,1750,1682,334,181,29222,153,68
"North East",31,2006,1716,1740,405,360,28724,45,-24
"North East",31,2007,1776,1790,353,269,28222,84,-14
"North East",31,2008,1628,1701,411,269,26885,142,-73
"North East",31,2009,1626,1714,392,233,28074,159,-88
"North East",31,2010,1748,1850,319,199,31230,120,-102
"North East",31,2011,1771,1897,349,259,32742,90,-126
"North East",31,2012,1904,2033,253,272,32171,-19,-129
"North East",31,2013,1836,1890,300,202,31728,98,-54
"North East",32,2002,1696,1832,283,216,34668,67,-136
"North East",32,2003,1953,1874,232,266,35644,-34,79
"North East",32,2004,1969,1920,226,342,33885,-116,49
"North East",32,2005,1669,1694,313,176,31388,137,-25
"North East",32,2006,1686,1608,377,327,29410,50,78
"North East",32,2007,1657,1703,318,268,28806,50,-46
"North East",32,2008,1619,1658,383,248,28439,135,-39
"North East",32,2009,1459,1579,358,220,26984,138,-120
"North East",32,2010,1418,1548,294,193,28129,101,-130
"North East",32,2011,1579,1696,320,243,31266,77,-117
"North East",32,2012,1753,1890,223,267,32530,-44,-137
"North East",32,2013,1801,1883,288,184,32183,104,-82
"North East",33,2002,1659,1663,263,196,35718,67,-4
"North East",33,2003,1720,1667,221,244,34745,-23,53
"North East",33,2004,1738,1721,203,306,35663,-103,17
"North East",33,2005,1696,1655,277,156,34059,121,41
"North East",33,2006,1595,1591,336,288,31485,48,4
"North East",33,2007,1598,1565,294,237,29521,57,33
"North East",33,2008,1553,1547,344,223,29013,121,6
"North East",33,2009,1400,1435,323,187,28635,136,-35
"North East",33,2010,1335,1344,258,171,27132,87,-9
"North East",33,2011,1346,1395,283,220,28224,63,-49
"North East",33,2012,1631,1711,201,265,31083,-64,-80
"North East",33,2013,1585,1708,240,192,32467,48,-123
"North East",34,2002,1544,1616,260,184,36528,76,-72
"North East",34,2003,1688,1621,211,225,35798,-14,67
"North East",34,2004,1632,1523,197,295,34832,-98,109
"North East",34,2005,1547,1478,263,151,35973,112,69
"North East",34,2006,1552,1604,319,276,34122,43,-52
"North East",34,2007,1522,1507,279,225,31644,54,15
"North East",34,2008,1344,1434,334,210,29633,124,-90
"North East",34,2009,1284,1355,318,182,29205,136,-71
"North East",34,2010,1350,1395,253,167,28825,86,-45
"North East",34,2011,1198,1246,277,207,27278,70,-48
"North East",34,2012,1262,1399,169,209,28056,-40,-137
"North East",34,2013,1469,1590,212,167,30963,45,-121
"North East",35,2002,1414,1404,254,143,38028,111,10
"North East",35,2003,1580,1525,220,264,36526,-44,55
"North East",35,2004,1521,1533,152,176,35762,-24,-12
"North East",35,2005,1324,1318,272,152,35007,120,6
"North East",35,2006,1473,1490,323,309,36067,14,-17
"North East",35,2007,1492,1399,303,162,34398,141,93
"North East",35,2008,1427,1438,266,212,31739,54,-11
"North East",35,2009,1212,1247,245,151,29732,94,-35
"North East",35,2010,1189,1210,216,148,29346,68,-21
"North East",35,2011,1190,1266,230,216,28880,14,-76
"North East",35,2012,1233,1307,149,204,27125,-55,-74
"North East",35,2013,1287,1334,190,142,28027,48,-47
"North East",36,2002,1391,1487,224,129,38872,95,-96
"North East",36,2003,1499,1439,202,232,38039,-30,60
"North East",36,2004,1406,1326,136,167,36572,-31,80
"North East",36,2005,1387,1311,239,144,35935,95,76
"North East",36,2006,1297,1284,283,268,35105,15,13
"North East",36,2007,1437,1405,272,147,36337,125,32
"North East",36,2008,1312,1323,234,193,34481,41,-11
"North East",36,2009,1225,1249,225,137,31859,88,-24
"North East",36,2010,1148,1195,192,135,29796,57,-47
"North East",36,2011,1167,1182,200,200,29415,0,-15
"North East",36,2012,1226,1232,142,196,28804,-54,-6
"North East",36,2013,1135,1162,176,129,27155,47,-27
"North East",37,2002,1384,1360,243,136,39563,107,24
"North East",37,2003,1375,1336,203,224,38884,-21,39
"North East",37,2004,1279,1260,135,159,37990,-24,19
"North East",37,2005,1187,1128,232,140,36718,92,59
"North East",37,2006,1216,1234,273,260,35952,13,-18
"North East",37,2007,1312,1320,260,142,35236,118,-8
"North East",37,2008,1294,1307,234,191,36461,43,-13
"North East",37,2009,1173,1239,219,142,34529,77,-66
"North East",37,2010,1104,1047,192,139,31998,53,57
"North East",37,2011,1066,1044,202,193,29878,9,22
"North East",37,2012,1112,1213,135,166,29291,-31,-101
"North East",37,2013,1149,1189,141,142,28719,-1,-40
"North East",38,2002,1241,1275,216,127,39633,89,-34
"North East",38,2003,1267,1234,196,215,39582,-19,33
"North East",38,2004,1198,1131,124,149,38899,-25,67
"North East",38,2005,1178,1122,211,134,38106,77,56
"North East",38,2006,1177,1115,245,245,36768,0,62
"North East",38,2007,1232,1229,235,134,36049,101,3
"North East",38,2008,1090,1117,216,178,35294,38,-27
"North East",38,2009,1129,1182,204,131,36600,73,-53
"North East",38,2010,1117,1116,174,129,34624,45,1
"North East",38,2011,1005,1086,187,184,31998,3,-81
"North East",38,2012,1111,1112,124,168,29797,-44,-1
"North East",38,2013,1044,1085,139,101,29257,38,-41
"North East",39,2002,1116,1135,207,113,39579,94,-19
"North East",39,2003,1154,1161,183,192,39602,-9,-7
"North East",39,2004,1195,1127,114,136,39627,-22,68
"North East",39,2005,1130,1037,195,123,39026,72,93
"North East",39,2006,1041,1094,233,225,38001,8,-53
"North East",39,2007,1076,1048,217,128,36860,89,28
"North East",39,2008,1076,1081,196,163,36075,33,-5
"North East",39,2009,989,999,186,120,35362,66,-10
"North East",39,2010,1072,1098,160,116,36691,44,-26
"North East",39,2011,1007,1030,168,165,34638,3,-23
"North East",39,2012,1070,1108,121,165,31880,-44,-38
"North East",39,2013,1037,1030,138,109,29804,29,7
"North East",40,2002,1065,1081,207,111,39438,96,-16
"North East",40,2003,1152,1123,153,194,39575,-41,29
"North East",40,2004,1100,1024,89,184,39559,-95,76
"North East",40,2005,1049,1033,144,84,39663,60,16
"North East",40,2006,1047,1031,176,255,38917,-79,16
"North East",40,2007,1070,1047,193,144,38013,49,23
"North East",40,2008,1019,1012,154,208,36783,-54,7
"North East",40,2009,973,986,175,107,36119,68,-13
"North East",40,2010,928,925,144,139,35417,5,3
"North East",40,2011,1028,1000,95,144,36761,-49,28
"North East",40,2012,1073,1073,93,133,34563,-40,0
"North East",40,2013,1028,1033,100,73,31864,27,-5
"North East",41,2002,936,929,203,112,37729,91,7
"North East",41,2003,958,938,135,184,39398,-49,20
"North East",41,2004,1035,990,85,168,39528,-83,45
"North East",41,2005,1007,994,139,84,39595,55,13
"North East",41,2006,989,982,160,245,39591,-85,7
"North East",41,2007,1018,1022,174,134,38930,40,-4
"North East",41,2008,957,947,143,195,37936,-52,10
"North East",41,2009,898,926,163,99,36810,64,-28
"North East",41,2010,918,964,134,133,36068,1,-46
"North East",41,2011,906,887,90,141,35416,-51,19
"North East",41,2012,1044,1122,96,133,36606,-37,-78
"North East",41,2013,1016,1010,87,91,34540,-4,6
"North East",42,2002,867,905,191,105,37026,86,-38
"North East",42,2003,991,916,142,169,37734,-27,75
"North East",42,2004,942,921,76,149,39317,-73,21
"North East",42,2005,947,969,119,67,39508,52,-22
"North East",42,2006,881,908,150,215,39454,-65,-27
"North East",42,2007,961,937,162,121,39613,41,24
"North East",42,2008,1010,1021,127,169,38796,-42,-11
"North East",42,2009,887,894,149,88,37923,61,-7
"North East",42,2010,832,857,123,113,36751,10,-25
"North East",42,2011,815,830,81,127,35970,-46,-15
"North East",42,2012,913,912,99,116,35340,-17,1
"North East",42,2013,972,1005,127,69,36602,58,-33
"North East",43,2002,818,801,181,87,36997,94,17
"North East",43,2003,934,852,138,157,37056,-19,82
"North East",43,2004,873,798,66,127,37712,-61,75
"North East",43,2005,861,839,102,66,39370,36,22
"North East",43,2006,811,817,125,194,39427,-69,-6
"North East",43,2007,930,962,145,104,39440,41,-32
"North East",43,2008,875,881,117,148,39577,-31,-6
"North East",43,2009,827,865,131,74,38785,57,-38
"North East",43,2010,822,850,115,103,37874,12,-28
"North East",43,2011,838,819,74,114,36726,-40,19
"North East",43,2012,917,917,79,139,35864,-60,0
"North East",43,2013,854,892,85,69,35287,16,-38
"North East",44,2002,815,820,176,87,37221,89,-5
"North East",44,2003,834,789,139,144,37018,-5,45
"North East",44,2004,813,827,67,122,36928,-55,-14
"North East",44,2005,757,800,103,60,37670,43,-43
"North East",44,2006,791,803,124,181,39257,-57,-12
"North East",44,2007,868,838,137,99,39469,38,30
"North East",44,2008,899,913,114,136,39366,-22,-14
"North East",44,2009,851,878,131,70,39574,61,-27
"North East",44,2010,799,801,105,95,38726,10,-2
"North East",44,2011,794,781,71,103,37799,-32,13
"North East",44,2012,862,921,97,115,36623,-18,-59
"North East",44,2013,871,906,84,83,35807,1,-35
"North East",45,2002,720,818,52,153,35851,-101,-98
"North East",45,2003,743,765,51,73,37130,-22,-22
"North East",45,2004,760,722,58,132,36948,-74,38
"North East",45,2005,767,779,67,86,36877,-19,-12
"North East",45,2006,767,702,79,79,37670,0,65
"North East",45,2007,847,837,73,118,39183,-45,10
"North East",45,2008,799,838,102,90,39414,12,-39
"North East",45,2009,767,832,130,82,39309,48,-65
"North East",45,2010,792,797,85,46,39563,39,-5
"North East",45,2011,769,746,89,78,38691,11,23
"North East",45,2012,867,865,87,104,37729,-17,2
"North East",45,2013,852,870,91,54,36557,37,-18
"North East",46,2002,671,710,54,132,34498,-78,-39
"North East",46,2003,713,683,42,61,35786,-19,30
"North East",46,2004,781,692,57,119,37103,-62,89
"North East",46,2005,716,668,64,69,36973,-5,48
"North East",46,2006,733,705,66,64,36849,2,28
"North East",46,2007,805,743,69,103,37632,-34,62
"North East",46,2008,724,738,91,79,39132,12,-14
"North East",46,2009,765,755,117,76,39436,41,10
"North East",46,2010,716,671,78,41,39304,37,45
"North East",46,2011,691,705,80,69,39525,11,-14
"North East",46,2012,838,873,68,83,38565,-15,-35
"North East",46,2013,776,787,79,65,37682,14,-11
"North East",47,2002,627,632,50,121,33563,-71,-5
"North East",47,2003,663,653,39,56,34422,-17,10
"North East",47,2004,718,710,56,106,35646,-50,8
"North East",47,2005,628,622,63,65,37050,-2,6
"North East",47,2006,673,683,63,64,36939,-1,-10
"North East",47,2007,710,746,62,102,36728,-40,-36
"North East",47,2008,731,764,85,75,37528,10,-33
"North East",47,2009,661,701,111,70,39081,41,-40
"North East",47,2010,700,732,74,39,39402,35,-32
"North East",47,2011,679,631,70,63,39313,7,48
"North East",47,2012,773,756,72,80,39442,-8,17
"North East",47,2013,771,796,69,56,38509,13,-25
"North East",48,2002,637,641,48,117,33838,-69,-4
"North East",48,2003,711,669,37,51,33482,-14,42
"North East",48,2004,625,624,47,99,34290,-52,1
"North East",48,2005,617,618,57,61,35548,-4,-1
"North East",48,2006,614,614,58,60,36974,-2,0
"North East",48,2007,702,638,56,92,36902,-36,64
"North East",48,2008,685,689,74,64,36678,10,-4
"North East",48,2009,597,625,102,65,37477,37,-28
"North East",48,2010,672,713,67,41,38984,26,-41
"North East",48,2011,636,639,63,61,39338,2,-3
"North East",48,2012,747,805,75,81,39175,-6,-58
"North East",48,2013,821,813,66,77,39362,-11,8
"North East",49,2002,607,633,47,110,33330,-63,-26
"North East",49,2003,604,569,39,54,33712,-15,35
"North East",49,2004,628,605,48,93,33319,-45,23
"North East",49,2005,551,567,48,62,34157,-14,-16
"North East",49,2006,564,566,53,65,35417,-12,-2
"North East",49,2007,671,705,57,84,36838,-27,-34
"North East",49,2008,627,641,73,67,36860,6,-14
"North East",49,2009,615,601,95,63,36663,32,14
"North East",49,2010,620,607,63,41,37454,22,13
"North East",49,2011,650,660,63,61,38919,2,-10
"North East",49,2012,720,693,73,71,39290,2,27
"North East",49,2013,728,773,78,54,39052,24,-45
"North East",50,2002,567,546,46,39,32913,7,21
"North East",50,2003,625,537,40,112,33252,-72,88
"North East",50,2004,614,598,15,85,33501,-70,16
"North East",50,2005,545,550,56,50,33183,6,-5
"North East",50,2006,568,603,61,115,33968,-54,-35
"North East",50,2007,694,638,42,48,35351,-6,56
"North East",50,2008,648,603,83,55,36822,28,45
"North East",50,2009,558,549,58,34,36852,24,9
"North East",50,2010,590,606,26,26,36554,0,-16
"North East",50,2011,598,614,78,63,37338,15,-16
"North East",50,2012,696,682,61,81,38807,-20,14
"North East",50,2013,756,781,59,46,39177,13,-25
"North East",51,2002,621,556,35,39,32983,-4,65
"North East",51,2003,583,554,31,98,32727,-67,29
"North East",51,2004,579,561,14,73,33087,-59,18
"North East",51,2005,601,556,50,41,33417,9,45
"North East",51,2006,518,517,55,106,33030,-51,1
"North East",51,2007,663,637,39,40,33877,-1,26
"North East",51,2008,595,616,76,46,35247,30,-21
"North East",51,2009,559,548,57,33,36771,24,11
"North East",51,2010,545,586,22,28,36746,-6,-41
"North East",51,2011,557,564,66,54,36478,12,-7
"North East",51,2012,705,720,52,54,37236,-2,-15
"North East",51,2013,697,696,62,51,38716,11,1
"North East",52,2002,619,567,40,39,33843,1,52
"North East",52,2003,520,531,37,106,32786,-69,-11
"North East",52,2004,524,522,15,82,32476,-67,2
"North East",52,2005,540,553,55,45,32973,10,-13
"North East",52,2006,539,507,57,110,33250,-53,32
"North East",52,2007,581,546,33,44,32928,-11,35
"North East",52,2008,573,545,83,46,33833,37,28
"North East",52,2009,485,447,56,34,35186,22,38
"North East",52,2010,556,550,25,30,36669,-5,6
"North East",52,2011,538,539,75,64,36710,11,-1
"North East",52,2012,642,653,56,70,36328,-14,-11
"North East",52,2013,643,661,54,42,37080,12,-18
"North East",53,2002,521,520,39,39,34631,0,1
"North East",53,2003,580,540,34,95,33688,-61,40
"North East",53,2004,495,490,15,71,32617,-56,5
"North East",53,2005,461,466,48,41,32301,7,-5
"North East",53,2006,423,452,52,99,32782,-47,-29
"North East",53,2007,631,592,32,42,33118,-10,39
"North East",53,2008,478,493,74,43,32801,31,-15
"North East",53,2009,455,453,53,28,33734,25,2
"North East",53,2010,463,457,22,28,35062,-6,6
"North East",53,2011,517,549,63,50,36533,13,-32
"North East",53,2012,610,586,48,55,36587,-7,24
"North East",53,2013,621,623,44,36,36229,8,-2
"North East",54,2002,603,567,46,45,36977,1,36
"North East",54,2003,543,524,45,104,34452,-59,19
"North East",54,2004,498,471,19,81,33506,-62,27
"North East",54,2005,478,449,56,51,32497,5,29
"North East",54,2006,446,436,56,109,32040,-53,10
"North East",54,2007,543,493,34,43,32667,-9,50
"North East",54,2008,558,558,73,53,32981,20,0
"North East",54,2009,427,479,55,37,32610,18,-52
"North East",54,2010,477,434,23,31,33640,-8,43
"North East",54,2011,469,478,71,66,34934,5,-9
"North East",54,2012,552,554,42,41,36391,1,-2
"North East",54,2013,566,545,47,29,36481,18,21
"North East",55,2002,611,569,33,66,39019,-33,42
"North East",55,2003,596,507,27,106,36761,-79,89
"North East",55,2004,543,484,20,95,34281,-75,59
"North East",55,2005,438,424,27,41,33359,-14,14
"North East",55,2006,433,431,29,54,32350,-25,2
"North East",55,2007,505,475,24,37,31877,-13,30
"North East",55,2008,511,477,23,64,32507,-41,34
"North East",55,2009,458,486,24,7,32787,17,-28
"North East",55,2010,425,411,27,18,32456,9,14
"North East",55,2011,464,439,40,35,33542,5,25
"North East",55,2012,509,479,30,40,34809,-10,30
"North East",55,2013,599,588,36,34,36273,2,11
"North East",56,2002,472,397,43,61,31299,-18,75
"North East",56,2003,585,516,30,122,38906,-92,69
"North East",56,2004,542,499,29,113,36459,-84,43
"North East",56,2005,442,470,31,37,34088,-6,-28
"North East",56,2006,480,496,27,51,33145,-24,-16
"North East",56,2007,527,486,23,36,32214,-13,41
"North East",56,2008,473,453,24,66,31681,-42,20
"North East",56,2009,391,398,29,13,32343,16,-7
"North East",56,2010,404,404,33,21,32597,12,0
"North East",56,2011,411,394,39,36,32295,3,17
"North East",56,2012,503,515,53,37,33362,16,-12
"North East",56,2013,537,513,34,26,34684,8,24
"North East",57,2002,433,395,29,56,30339,-27,38
"North East",57,2003,453,423,23,105,31004,-82,30
"North East",57,2004,570,517,19,97,38743,-78,53
"North East",57,2005,450,421,20,40,36223,-20,29
"North East",57,2006,436,429,23,48,33899,-25,7
"North East",57,2007,505,506,18,34,32935,-16,-1
"North East",57,2008,470,432,21,66,32040,-45,38
"North East",57,2009,343,329,23,11,31463,12,14
"North East",57,2010,431,398,28,16,32221,12,33
"North East",57,2011,427,410,34,34,32404,0,17
"North East",57,2012,465,491,31,31,32107,0,-26
"North East",57,2013,536,466,40,32,33294,8,70
"North East",58,2002,397,360,34,44,29040,-10,37
"North East",58,2003,428,382,23,95,30104,-72,46
"North East",58,2004,440,389,19,85,30760,-66,51
"North East",58,2005,488,487,29,31,38629,-2,1
"North East",58,2006,445,418,22,44,35981,-22,27
"North East",58,2007,511,487,18,32,33715,-14,24
"North East",58,2008,438,413,18,56,32736,-38,25
"North East",58,2009,362,348,21,11,31875,10,14
"North East",58,2010,405,388,28,13,31258,15,17
"North East",58,2011,408,391,33,32,32075,1,17
"North East",58,2012,448,427,38,37,32237,1,21
"North East",58,2013,469,417,41,27,31958,14,52
"North East",59,2002,393,371,34,47,27156,-13,22
"North East",59,2003,417,374,25,94,28868,-69,43
"North East",59,2004,432,388,18,86,29870,-68,44
"North East",59,2005,361,345,22,28,30519,-6,16
"North East",59,2006,476,469,20,42,38479,-22,7
"North East",59,2007,508,472,18,25,35742,-7,36
"North East",59,2008,422,390,20,57,33525,-37,32
"North East",59,2009,329,364,22,10,32489,12,-35
"North East",59,2010,347,368,27,13,31670,14,-21
"North East",59,2011,338,369,30,25,30988,5,-31
"North East",59,2012,450,440,40,48,31863,-8,10
"North East",59,2013,439,428,38,30,32014,8,11
"North East",60,2002,362,330,30,35,25516,-5,32
"North East",60,2003,396,367,25,38,26949,-13,29
"North East",60,2004,399,403,16,66,28630,-50,-4
"North East",60,2005,373,359,45,85,29607,-40,14
"North East",60,2006,393,360,32,104,30199,-72,33
"North East",60,2007,592,526,23,130,38307,-107,66
"North East",60,2008,451,392,10,22,35494,-12,59
"North East",60,2009,366,366,23,27,33279,-4,0
"North East",60,2010,417,332,24,22,32357,2,85
"North East",60,2011,382,336,23,36,31495,-13,46
"North East",60,2012,398,393,37,38,30784,-1,5
"North East",60,2013,425,405,25,50,31635,-25,20
"North East",61,2002,349,311,29,33,24811,-4,38
"North East",61,2003,352,315,27,38,25337,-11,37
"North East",61,2004,337,332,13,63,26645,-50,5
"North East",61,2005,342,320,45,82,28429,-37,22
"North East",61,2006,332,315,29,101,29283,-72,17
"North East",61,2007,426,413,26,124,29841,-98,13
"North East",61,2008,435,469,12,19,38086,-7,-34
"North East",61,2009,376,363,26,25,35175,1,13
"North East",61,2010,359,352,26,21,33062,5,7
"North East",61,2011,340,333,24,33,32093,-9,7
"North East",61,2012,418,399,36,35,31253,1,19
"North East",61,2013,440,405,31,34,30569,-3,35
"North East",62,2002,336,297,22,22,26135,0,39
"North East",62,2003,325,296,24,21,24525,3,29
"North East",62,2004,307,293,8,37,25100,-29,14
"North East",62,2005,273,266,29,60,26341,-31,7
"North East",62,2006,356,335,18,72,28193,-54,21
"North East",62,2007,390,359,17,84,28983,-67,31
"North East",62,2008,358,343,10,3,29540,7,15
"North East",62,2009,324,286,15,7,37963,8,38
"North East",62,2010,384,351,17,5,34898,12,33
"North East",62,2011,359,360,14,20,32843,-6,-1
"North East",62,2012,384,325,31,35,31883,-4,59
"North East",62,2013,408,391,31,31,31019,0,17
"North East",63,2002,301,276,22,25,26719,-3,25
"North East",63,2003,303,242,19,26,25860,-7,61
"North East",63,2004,281,251,11,47,24203,-36,30
"North East",63,2005,265,260,33,64,24824,-31,5
"North East",63,2006,287,278,24,86,26036,-62,9
"North East",63,2007,344,331,19,97,27895,-78,13
"North East",63,2008,285,271,10,14,28705,-4,14
"North East",63,2009,249,256,19,11,29206,8,-7
"North East",63,2010,337,339,21,10,37781,11,-2
"North East",63,2011,356,383,20,20,34531,0,-27
"North East",63,2012,362,351,23,42,32549,-19,11
"North East",63,2013,387,369,42,30,31588,12,18
"North East",64,2002,291,295,24,16,26909,8,-4
"North East",64,2003,312,271,24,17,26397,7,41
"North East",64,2004,230,216,15,45,25503,-30,14
"North East",64,2005,224,238,37,53,23845,-16,-14
"North East",64,2006,206,241,17,68,24473,-51,-35
"North East",64,2007,306,290,20,79,25692,-59,16
"North East",64,2008,302,282,10,5,27688,5,20
"North East",64,2009,215,204,17,6,28412,11,11
"North East",64,2010,293,259,14,5,28892,9,34
"North East",64,2011,352,342,14,16,37532,-2,10
"North East",64,2012,380,328,43,31,34252,12,52
"North East",64,2013,396,328,41,18,32312,23,68
"North East",65,2002,296,253,20,42,25758,-22,43
"North East",65,2003,304,279,12,74,26437,-62,25
"North East",65,2004,294,241,12,69,25977,-57,53
"North East",65,2005,270,271,15,23,25150,-8,-1
"North East",65,2006,258,247,37,164,23388,-127,11
"North East",65,2007,237,240,8,43,24144,-35,-3
"North East",65,2008,259,216,61,52,25450,9,43
"North East",65,2009,225,216,27,25,27483,2,9
"North East",65,2010,275,251,29,15,28126,14,24
"North East",65,2011,278,258,23,27,28562,-4,20
"North East",65,2012,373,366,41,39,37152,2,7
"North East",65,2013,411,376,37,19,33942,18,35
"North East",66,2002,276,225,23,35,24895,-12,51
"North East",66,2003,220,213,16,53,25323,-37,7
"North East",66,2004,263,253,21,63,25991,-42,10
"North East",66,2005,235,225,19,22,25585,-3,10
"North East",66,2006,214,224,32,111,24678,-79,-10
"North East",66,2007,233,243,3,26,22958,-23,-10
"North East",66,2008,217,205,47,47,23853,0,12
"North East",66,2009,201,177,15,20,25143,-5,24
"North East",66,2010,230,190,26,18,27279,8,40
"North East",66,2011,232,225,14,25,27794,-11,7
"North East",66,2012,287,267,30,30,28221,0,20
"North East",66,2013,384,349,27,13,36760,14,35
"North East",67,2002,232,218,19,29,24259,-10,14
"North East",67,2003,205,173,14,43,24432,-29,32
"North East",67,2004,237,234,11,50,24835,-39,3
"North East",67,2005,195,183,10,18,25534,-8,12
"North East",67,2006,207,211,21,130,25033,-109,-4
"North East",67,2007,218,199,6,31,24232,-25,19
"North East",67,2008,189,170,39,34,22617,5,19
"North East",67,2009,171,172,22,20,23546,2,-1
"North East",67,2010,193,181,16,10,24863,6,12
"North East",67,2011,230,202,21,19,27058,2,28
"North East",67,2012,251,244,23,21,27446,2,7
"North East",67,2013,232,226,29,13,27846,16,6
"North East",68,2002,258,225,10,18,23659,-8,33
"North East",68,2003,199,188,8,26,23816,-18,11
"North East",68,2004,208,194,11,35,23867,-24,14
"North East",68,2005,191,185,12,11,24371,1,6
"North East",68,2006,206,177,14,78,25022,-64,29
"North East",68,2007,221,224,3,19,24596,-16,-3
"North East",68,2008,181,155,28,27,23857,1,26
"North East",68,2009,158,158,13,13,22184,0,0
"North East",68,2010,150,143,9,7,23236,2,7
"North East",68,2011,176,181,10,12,24473,-2,-5
"North East",68,2012,204,180,24,27,26660,-3,24
"North East",68,2013,249,246,19,15,27033,4,3
"North East",69,2002,192,181,16,28,23294,-12,11
"North East",69,2003,212,192,9,40,23109,-31,20
"North East",69,2004,154,166,9,46,23269,-37,-12
"North East",69,2005,149,149,14,24,23353,-10,0
"North East",69,2006,184,152,29,114,23834,-85,32
"North East",69,2007,194,179,4,26,24554,-22,15
"North East",69,2008,193,176,41,35,24187,6,17
"North East",69,2009,137,121,16,15,23439,1,16
"North East",69,2010,132,122,17,13,21783,4,10
"North East",69,2011,139,144,14,23,22843,-9,-5
"North East",69,2012,209,198,24,17,24105,7,11
"North East",69,2013,225,246,26,22,26236,4,-21
"North East",70,2002,190,182,14,17,23195,-3,8
"North East",70,2003,166,170,15,20,22683,-5,-4
"North East",70,2004,195,194,6,25,22524,-19,1
"North East",70,2005,160,145,7,9,22775,-2,15
"North East",70,2006,148,144,4,58,22752,-54,4
"North East",70,2007,174,164,5,18,23334,-13,10
"North East",70,2008,180,172,14,19,24011,-5,8
"North East",70,2009,118,121,9,10,23673,-1,-3
"North East",70,2010,134,127,5,6,22986,-1,7
"North East",70,2011,138,155,11,10,21351,1,-17
"North East",70,2012,166,161,17,16,22428,1,5
"North East",70,2013,200,171,25,15,23678,10,29
"North East",71,2002,185,156,9,15,23352,-6,29
"North East",71,2003,169,167,7,25,22532,-18,2
"North East",71,2004,150,147,1,23,22099,-22,3
"North East",71,2005,128,138,1,11,21918,-10,-10
"North East",71,2006,165,130,4,61,22223,-57,35
"North East",71,2007,157,145,2,13,22165,-11,12
"North East",71,2008,172,180,14,15,22832,-1,-8
"North East",71,2009,136,123,10,9,23512,1,13
"North East",71,2010,145,133,6,5,23209,1,12
"North East",71,2011,138,123,10,13,22506,-3,15
"North East",71,2012,164,126,15,23,20949,-8,38
"North East",71,2013,153,141,13,20,21975,-7,12
"North East",72,2002,170,166,5,12,21899,-7,4
"North East",72,2003,157,157,7,27,22627,-20,0
"North East",72,2004,166,161,2,21,21846,-19,5
"North East",72,2005,141,120,3,12,21448,-9,21
"North East",72,2006,142,138,7,46,21236,-39,4
"North East",72,2007,159,164,2,8,21677,-6,-5
"North East",72,2008,164,144,15,15,21611,0,20
"North East",72,2009,108,108,6,5,22287,1,0
"North East",72,2010,145,158,7,5,22952,2,-13
"North East",72,2011,162,160,6,10,22691,-4,2
"North East",72,2012,164,147,16,18,22009,-2,17
"North East",72,2013,181,169,13,21,20462,-8,12
"North East",73,2002,148,138,8,14,20963,-6,10
"North East",73,2003,157,157,8,26,21188,-18,0
"North East",73,2004,145,142,6,24,21863,-18,3
"North East",73,2005,115,132,5,9,21128,-4,-17
"North East",73,2006,118,112,5,47,20755,-42,6
"North East",73,2007,124,124,2,19,20615,-17,0
"North East",73,2008,158,145,14,14,21110,0,13
"North East",73,2009,104,121,6,15,21005,-9,-17
"North East",73,2010,125,120,5,14,21712,-9,5
"North East",73,2011,151,147,8,13,22373,-5,4
"North East",73,2012,163,161,6,11,22116,-5,2
"North East",73,2013,172,162,14,7,21463,7,10
"North East",74,2002,165,144,11,15,19429,-4,21
"North East",74,2003,153,124,6,18,20167,-12,29
"North East",74,2004,145,146,2,22,20375,-20,-1
"North East",74,2005,117,122,3,9,21047,-6,-5
"North East",74,2006,118,131,4,43,20363,-39,-13
"North East",74,2007,144,158,2,13,20013,-11,-14
"North East",74,2008,123,115,11,14,19980,-3,8
"North East",74,2009,101,114,4,7,20513,-3,-13
"North East",74,2010,92,107,3,7,20355,-4,-15
"North East",74,2011,117,111,6,11,21120,-5,6
"North East",74,2012,152,127,16,2,21821,14,25
"North East",74,2013,145,138,15,3,21559,12,7
"North East",75,2002,136,134,2,4,19437,-2,2
"North East",75,2003,134,136,3,7,18623,-4,-2
"North East",75,2004,151,156,2,4,19251,-2,-5
"North East",75,2005,136,145,1,3,19594,-2,-9
"North East",75,2006,128,141,0,17,20192,-17,-13
"North East",75,2007,148,138,2,8,19648,-6,10
"North East",75,2008,102,101,3,4,19315,-1,1
"North East",75,2009,86,104,2,5,19292,-3,-18
"North East",75,2010,128,118,0,6,19931,-6,10
"North East",75,2011,107,122,2,8,19662,-6,-15
"North East",75,2012,130,129,9,4,20514,5,1
"North East",75,2013,126,143,15,3,21166,12,-17
"North East",76,2002,158,169,3,1,18946,2,-11
"North East",76,2003,117,108,7,7,18508,0,9
"North East",76,2004,117,141,4,1,17749,3,-24
"North East",76,2005,112,112,7,0,18350,7,0
"North East",76,2006,139,123,0,10,18840,-10,16
"North East",76,2007,142,140,0,4,19384,-4,2
"North East",76,2008,104,125,2,2,18865,0,-21
"North East",76,2009,119,111,1,5,18593,-4,8
"North East",76,2010,106,110,0,1,18565,-1,-4
"North East",76,2011,116,132,3,4,19280,-1,-16
"North East",76,2012,113,120,15,5,18999,10,-7
"North East",76,2013,128,110,5,3,19845,2,18
"North East",77,2002,160,162,8,3,17943,5,-2
"North East",77,2003,137,133,11,7,18008,4,4
"North East",77,2004,147,135,4,1,17553,3,12
"North East",77,2005,131,133,6,3,16857,3,-2
"North East",77,2006,136,123,2,11,17492,-9,13
"North East",77,2007,112,130,0,5,17947,-5,-18
"North East",77,2008,108,122,0,2,18478,-2,-14
"North East",77,2009,115,123,0,2,18029,-2,-8
"North East",77,2010,99,110,0,2,17856,-2,-11
"North East",77,2011,131,122,0,1,17879,-1,9
"North East",77,2012,114,109,12,3,18599,9,5
"North East",77,2013,110,117,3,2,18288,1,-7
"North East",78,2002,138,149,7,3,16623,4,-11
"North East",78,2003,130,128,6,5,16896,1,2
"North East",78,2004,109,127,4,3,16991,1,-18
"North East",78,2005,118,127,4,3,16628,1,-9
"North East",78,2006,124,125,0,10,15995,-10,-1
"North East",78,2007,138,132,1,7,16650,-6,6
"North East",78,2008,113,116,3,4,17142,-1,-3
"North East",78,2009,116,124,1,4,17602,-3,-8
"North East",78,2010,114,105,0,5,17226,-5,9
"North East",78,2011,112,116,2,3,17077,-1,-4
"North East",78,2012,97,129,8,1,17141,7,-32
"North East",78,2013,118,118,9,0,17821,9,0
"North East",79,2002,152,148,2,1,15412,1,4
"North East",79,2003,137,114,7,6,15600,1,23
"North East",79,2004,124,139,1,0,15812,1,-15
"North East",79,2005,140,155,1,2,15934,-1,-15
"North East",79,2006,98,110,0,5,15657,-5,-12
"North East",79,2007,121,140,0,3,15100,-3,-19
"North East",79,2008,127,137,0,2,15800,-2,-10
"North East",79,2009,87,97,0,1,16248,-1,-10
"North East",79,2010,112,119,2,1,16680,1,-7
"North East",79,2011,93,106,0,1,16420,-1,-13
"North East",79,2012,109,117,3,1,16295,2,-8
"North East",79,2013,123,117,5,3,16328,2,6
"North East",80,2002,150,168,3,0,15106,3,-18
"North East",80,2003,117,117,5,3,14294,2,0
"North East",80,2004,117,114,1,2,14507,-1,3
"North East",80,2005,104,107,0,0,14744,0,-3
"North East",80,2006,125,125,0,2,14908,-2,0
"North East",80,2007,120,133,0,3,14680,-3,-13
"North East",80,2008,106,97,2,1,14245,1,9
"North East",80,2009,125,127,0,3,14830,-3,-2
"North East",80,2010,118,122,0,1,15329,-1,-4
"North East",80,2011,112,114,0,1,15766,-1,-2
"North East",80,2012,107,106,4,3,15623,1,1
"North East",80,2013,105,95,10,1,15443,9,10
"North East",81,2002,141,172,2,0,14210,2,-31
"North East",81,2003,120,138,3,2,14012,1,-18
"North East",81,2004,114,109,1,1,13229,0,5
"North East",81,2005,137,148,0,1,13414,-1,-11
"North East",81,2006,131,139,1,1,13700,0,-8
"North East",81,2007,95,122,0,1,13888,-1,-27
"North East",81,2008,110,125,0,0,13597,0,-15
"North East",81,2009,96,98,0,1,13330,-1,-2
"North East",81,2010,101,112,0,0,13940,0,-11
"North East",81,2011,109,119,0,0,14409,0,-10
"North East",81,2012,93,118,5,1,14867,4,-25
"North East",81,2013,132,136,9,1,14745,8,-4
"North East",82,2002,150,165,1,1,13412,0,-15
"North East",82,2003,120,116,3,1,13066,2,4
"North East",82,2004,126,121,0,0,12897,0,5
"North East",82,2005,118,145,0,1,12155,-1,-27
"North East",82,2006,111,122,0,1,12363,-1,-11
"North East",82,2007,106,120,0,0,12653,0,-14
"North East",82,2008,102,112,0,1,12820,-1,-10
"North East",82,2009,75,101,0,0,12529,0,-26
"North East",82,2010,117,116,0,0,12441,0,1
"North East",82,2011,92,107,1,0,12953,1,-15
"North East",82,2012,111,110,5,2,13480,3,1
"North East",82,2013,110,123,6,1,13852,5,-13
"North East",83,2002,129,120,1,0,9536,1,9
"North East",83,2003,114,133,3,2,12156,1,-19
"North East",83,2004,142,148,1,0,11875,1,-6
"North East",83,2005,121,121,1,1,11757,0,0
"North East",83,2006,117,137,3,0,11096,3,-20
"North East",83,2007,135,141,0,0,11372,0,-6
"North East",83,2008,102,95,0,0,11590,0,7
"North East",83,2009,105,107,0,0,11804,0,-2
"North East",83,2010,104,107,0,0,11621,0,-3
"North East",83,2011,106,111,0,0,11467,0,-5
"North East",83,2012,107,112,10,2,12028,8,-5
"North East",83,2013,143,146,6,1,12566,5,-3
"North East",84,2002,104,107,0,0,7373,0,-3
"North East",84,2003,89,101,1,2,8710,-1,-12
"North East",84,2004,135,136,0,0,10834,0,-1
"North East",84,2005,101,119,0,0,10713,0,-18
"North East",84,2006,112,113,0,3,10691,-3,-1
"North East",84,2007,114,104,0,0,10117,0,10
"North East",84,2008,127,135,1,0,10316,1,-8
"North East",84,2009,94,101,0,0,10531,0,-7
"North East",84,2010,110,109,0,0,10852,0,1
"North East",84,2011,109,104,0,1,10623,-1,5
"North East",84,2012,97,118,3,1,10558,2,-21
"North East",84,2013,139,139,5,0,11001,5,0
"North East",85,2002,83,80,1,1,6731,0,3
"North East",85,2003,87,99,3,0,6614,3,-12
"North East",85,2004,80,80,0,1,7905,-1,0
"North East",85,2005,111,114,0,1,9669,-1,-3
"North East",85,2006,102,109,0,4,9582,-4,-7
"North East",85,2007,120,122,0,2,9652,-2,-2
"North East",85,2008,93,99,1,0,9084,1,-6
"North East",85,2009,91,103,0,1,9257,-1,-12
"North East",85,2010,114,103,1,1,9559,0,11
"North East",85,2011,108,122,0,3,9810,-3,-14
"North East",85,2012,96,109,1,0,9641,1,-13
"North East",85,2013,120,121,3,0,9579,3,-1
"North East",86,2002,110,94,0,0,6306,0,16
"North East",86,2003,87,85,0,1,5930,-1,2
"North East",86,2004,96,91,0,0,5811,0,5
"North East",86,2005,82,100,0,0,7067,0,-18
"North East",86,2006,116,134,0,0,8539,0,-18
"North East",86,2007,140,104,0,0,8551,0,36
"North East",86,2008,120,117,0,0,8596,0,3
"North East",86,2009,90,103,0,1,8091,-1,-13
"North East",86,2010,83,95,0,0,8310,0,-12
"North East",86,2011,101,115,0,2,8526,-2,-14
"North East",86,2012,102,108,7,0,8863,7,-6
"North East",86,2013,96,103,4,0,8594,4,-7
"North East",87,2002,117,116,0,0,6017,0,1
"North East",87,2003,88,95,0,0,5492,0,-7
"North East",87,2004,70,75,0,0,5186,0,-5
"North East",87,2005,92,77,0,0,5101,0,15
"North East",87,2006,61,79,0,1,6288,-1,-18
"North East",87,2007,118,111,0,0,7497,0,7
"North East",87,2008,115,104,0,0,7586,0,11
"North East",87,2009,98,97,0,2,7548,-2,1
"North East",87,2010,115,106,0,1,7183,-1,9
"North East",87,2011,100,107,0,2,7407,-2,-7
"North East",87,2012,109,112,1,0,7595,1,-3
"North East",87,2013,89,117,3,0,7808,3,-28
"North East",88,2002,85,74,0,0,5158,0,11
"North East",88,2003,71,68,0,0,5193,0,3
"North East",88,2004,84,78,0,0,4745,0,6
"North East",88,2005,71,77,0,0,4461,0,-6
"North East",88,2006,89,80,0,2,4438,-2,9
"North East",88,2007,66,82,0,2,5531,-2,-16
"North East",88,2008,91,102,0,1,6434,-1,-11
"North East",88,2009,102,104,0,0,6595,0,-2
"North East",88,2010,86,82,0,0,6691,0,4
"North East",88,2011,91,87,0,0,6345,0,4
"North East",88,2012,87,94,6,0,6531,6,-7
"North East",88,2013,72,81,2,0,6659,2,-9
"North East",89,2002,79,82,0,0,4188,0,-3
"North East",89,2003,65,68,0,0,4383,0,-3
"North East",89,2004,67,60,0,0,4391,0,7
"North East",89,2005,70,62,0,0,4025,0,8
"North East",89,2006,74,85,0,0,3830,0,-11
"North East",89,2007,62,72,0,0,3750,0,-10
"North East",89,2008,63,72,0,0,4835,0,-9
"North East",89,2009,90,90,0,0,5445,0,0
"North East",89,2010,86,81,0,0,5641,0,5
"North East",89,2011,81,91,0,0,5754,0,-10
"North East",89,2012,81,95,0,1,5463,-1,-14
"North East",89,2013,93,87,2,0,5625,2,6
"North East",90,2002,288,289,0,0,14359,0,-1
"North East",90,2003,262,245,1,0,14706,1,17
"North East",90,2004,284,247,0,0,15153,0,37
"North East",90,2005,313,332,2,0,15427,2,-19
"North East",90,2006,311,307,0,1,15435,-1,4
"North East",90,2007,310,284,0,0,15412,0,26
"North East",90,2008,292,289,0,0,15068,0,3
"North East",90,2009,292,292,0,0,15821,0,0
"North East",90,2010,329,328,0,0,17126,0,1
"North East",90,2011,325,338,0,0,18408,0,-13
"North East",90,2012,369,393,10,0,19529,10,-24
"North East",90,2013,386,403,7,0,19938,7,-17
"North West",0,2002,4049,3914,245,172,74337,73,135
"North West",0,2003,4111,3895,252,129,76126,123,216
"North West",0,2004,4174,4039,262,225,79147,37,135
"North West",0,2005,3812,3801,269,196,81059,73,11
"North West",0,2006,4191,4145,279,259,82876,20,46
"North West",0,2007,4557,4474,451,332,84310,119,83
"North West",0,2008,4330,4368,285,248,87648,37,-38
"North West",0,2009,4551,4610,194,148,86545,46,-59
"North West",0,2010,4637,4777,188,93,87136,95,-140
"North West",0,2011,4633,4766,345,152,87942,193,-133
"North West",0,2012,3502,3055,422,115,89667,307,447
"North West",0,2013,2744,2586,332,140,87203,192,158
"North West",1,2002,3894,3661,227,157,74877,70,233
"North West",1,2003,3838,3541,241,122,74763,119,297
"North West",1,2004,3935,3794,241,214,76180,27,141
"North West",1,2005,3533,3509,244,173,79066,71,24
"North West",1,2006,3914,3900,270,236,80929,34,14
"North West",1,2007,4260,4120,401,299,83234,102,140
"North West",1,2008,4098,4141,259,240,84318,19,-43
"North West",1,2009,4232,4240,191,132,87521,59,-8
"North West",1,2010,4395,4468,174,93,86106,81,-73
"North West",1,2011,4379,4312,327,146,86741,181,67
"North West",1,2012,4930,4830,506,124,88369,382,100
"North West",1,2013,4993,4787,589,151,90265,438,206
"North West",2,2002,3832,3749,241,162,77136,79,83
"North West",2,2003,3861,3641,242,134,75428,108,220
"North West",2,2004,3695,3501,244,204,75040,40,194
"North West",2,2005,3321,3340,254,165,76204,89,-19
"North West",2,2006,3555,3529,281,241,79013,40,26
"North West",2,2007,3884,3918,431,303,80923,128,-34
"North West",2,2008,3777,3807,272,245,83406,27,-30
"North West",2,2009,3817,3795,190,143,84484,47,22
"North West",2,2010,4178,4292,188,99,87373,89,-114
"North West",2,2011,4176,4182,336,133,85888,203,-6
"North West",2,2012,4707,4594,474,124,87191,350,113
"North West",2,2013,4703,4547,488,150,88850,338,156
"North West",3,2002,3701,3590,207,142,79555,65,111
"North West",3,2003,3592,3434,221,126,77611,95,158
"North West",3,2004,3339,3256,226,189,75781,37,83
"North West",3,2005,3022,2930,233,160,75269,73,92
"North West",3,2006,3112,3155,243,212,76152,31,-43
"North West",3,2007,3421,3469,376,265,78965,111,-48
"North West",3,2008,3391,3384,230,207,80862,23,7
"North West",3,2009,3359,3451,177,134,83534,43,-92
"North West",3,2010,3633,3652,168,90,84646,78,-19
"North West",3,2011,3798,3748,299,123,87485,176,50
"North West",3,2012,4164,4135,430,132,86208,298,29
"North West",3,2013,4117,4142,434,149,87440,285,-25
"North West",4,2002,3378,3254,197,144,80894,53,124
"North West",4,2003,3295,3192,225,112,80062,113,103
"North West",4,2004,3115,3062,216,184,77924,32,53
"North West",4,2005,2781,2672,214,146,76177,68,109
"North West",4,2006,2653,2765,232,208,75245,24,-112
"North West",4,2007,2939,2872,354,267,76266,87,67
"North West",4,2008,2944,2972,222,204,78854,18,-28
"North West",4,2009,2892,2997,166,120,80712,46,-105
"North West",4,2010,3164,3211,163,82,83762,81,-47
"North West",4,2011,3181,3189,292,122,84927,170,-8
"North West",4,2012,3539,3582,442,137,87742,305,-43
"North West",4,2013,3653,3647,429,137,86508,292,6
"North West",5,2002,3101,2977,187,121,84989,66,124
"North West",5,2003,2863,2762,167,68,81342,99,101
"North West",5,2004,2795,2690,236,182,80533,54,105
"North West",5,2005,2463,2454,110,233,78042,-123,9
"North West",5,2006,2319,2382,111,161,76310,-50,-63
"North West",5,2007,2334,2370,272,228,75316,44,-36
"North West",5,2008,2371,2488,173,147,76135,26,-117
"North West",5,2009,2533,2527,202,98,78856,104,6
"North West",5,2010,2648,2723,168,97,80615,71,-75
"North West",5,2011,2616,2646,150,117,83951,33,-30
"North West",5,2012,2873,2950,354,104,85101,250,-77
"North West",5,2013,3045,2994,373,118,88045,255,51
"North West",6,2002,2776,2713,178,110,83894,68,63
"North West",6,2003,2861,2838,162,62,85385,100,23
"North West",6,2004,2730,2674,213,159,81711,54,56
"North West",6,2005,2377,2344,105,204,80772,-99,33
"North West",6,2006,2216,2327,107,140,78134,-33,-111
"North West",6,2007,2186,2265,240,209,76488,31,-79
"North West",6,2008,2131,2208,168,149,75313,19,-77
"North West",6,2009,2180,2220,189,84,76169,105,-40
"North West",6,2010,2276,2388,158,91,78712,67,-112
"North West",6,2011,2255,2297,137,110,80496,27,-42
"North West",6,2012,2562,2630,298,100,84074,198,-68
"North West",6,2013,2636,2641,354,116,85327,238,-5
"North West",7,2002,2707,2675,170,105,84353,65,32
"North West",7,2003,2587,2511,159,66,84363,93,76
"North West",7,2004,2722,2796,200,150,85651,50,-74
"North West",7,2005,2288,2342,91,201,81811,-110,-54
"North West",7,2006,2233,2291,97,140,80984,-43,-58
"North West",7,2007,2188,2242,236,212,78339,24,-54
"North West",7,2008,2148,2183,160,128,76721,32,-35
"North West",7,2009,1974,2039,174,76,75414,98,-65
"North West",7,2010,2106,2196,152,82,76111,70,-90
"North West",7,2011,2118,2230,131,104,78524,27,-112
"North West",7,2012,2405,2429,312,97,80686,215,-24
"North West",7,2013,2431,2459,323,129,84241,194,-28
"North West",8,2002,2642,2640,174,110,87229,64,2
"North West",8,2003,2646,2575,173,61,84712,112,71
"North West",8,2004,2471,2447,220,163,84731,57,24
"North West",8,2005,2193,2231,104,204,85788,-100,-38
"North West",8,2006,2170,2215,104,159,81965,-55,-45
"North West",8,2007,2106,2242,255,217,81195,38,-136
"North West",8,2008,2026,2118,158,137,78492,21,-92
"North West",8,2009,1975,2167,180,82,76867,98,-192
"North West",8,2010,1852,1939,157,90,75459,67,-87
"North West",8,2011,1919,2003,132,111,76017,21,-84
"North West",8,2012,2176,2261,275,65,78643,210,-85
"North West",8,2013,2289,2274,312,74,80933,238,15
"North West",9,2002,2633,2645,169,91,89650,78,-12
"North West",9,2003,2750,2671,162,58,87547,104,79
"North West",9,2004,2532,2438,213,148,85042,65,94
"North West",9,2005,2072,2143,95,196,84855,-101,-71
"North West",9,2006,2184,2212,98,146,85999,-48,-28
"North West",9,2007,2166,2270,229,187,82166,42,-104
"North West",9,2008,1957,2014,153,127,81475,26,-57
"North West",9,2009,1896,2027,172,74,78687,98,-131
"North West",9,2010,1901,1999,146,79,77070,67,-98
"North West",9,2011,1735,1796,125,101,75488,24,-61
"North West",9,2012,2137,2096,320,71,76306,249,41
"North West",9,2013,2095,2105,289,80,78839,209,-10
"North West",10,2002,2695,2647,207,78,94322,129,48
"North West",10,2003,2591,2546,241,69,89903,172,45
"North West",10,2004,2550,2475,145,205,87709,-60,75
"North West",10,2005,2144,2114,193,215,85210,-22,30
"North West",10,2006,1977,2049,227,275,85021,-48,-72
"North West",10,2007,2108,2162,222,161,86286,61,-54
"North West",10,2008,1952,1952,129,171,82380,-42,0
"North West",10,2009,1930,1983,145,100,81768,45,-53
"North West",10,2010,1879,1934,136,43,78966,93,-55
"North West",10,2011,1801,1901,97,53,77255,44,-100
"North West",10,2012,1915,1869,308,47,75790,261,46
"North West",10,2013,1913,1910,277,56,76527,221,3
"North West",11,2002,2650,2665,190,72,95905,118,-15
"North West",11,2003,2649,2533,229,66,94567,163,116
"North West",11,2004,2428,2381,136,193,89922,-57,47
"North West",11,2005,2116,2144,184,209,87788,-25,-28
"North West",11,2006,1972,1981,222,257,85335,-35,-9
"North West",11,2007,1948,1998,214,151,85327,63,-50
"North West",11,2008,1898,1956,133,169,86478,-36,-58
"North West",11,2009,1794,1832,135,103,82641,32,-38
"North West",11,2010,1846,1890,126,49,82113,77,-44
"North West",11,2011,1749,1778,93,51,79207,42,-29
"North West",11,2012,1806,1870,361,50,77497,311,-64
"North West",11,2013,1865,1813,283,70,76058,213,52
"North West",12,2002,2582,2559,194,73,93285,121,23
"North West",12,2003,2604,2508,247,67,96113,180,96
"North West",12,2004,2467,2463,135,185,94487,-50,4
"North West",12,2005,2150,2151,180,187,89953,-7,-1
"North West",12,2006,2048,2050,214,243,87891,-29,-2
"North West",12,2007,2049,2065,214,162,85542,52,-16
"North West",12,2008,1939,1999,119,167,85502,-48,-60
"North West",12,2009,2051,2038,139,102,86814,37,13
"North West",12,2010,1868,1866,126,39,82992,87,2
"North West",12,2011,1810,1818,92,52,82454,40,-8
"North West",12,2012,1982,1849,305,56,79585,249,133
"North West",12,2013,1882,1833,298,49,77792,249,49
"North West",13,2002,2357,2311,181,63,92389,118,46
"North West",13,2003,2379,2267,253,71,93318,182,112
"North West",13,2004,2392,2304,127,174,96083,-47,88
"North West",13,2005,2066,2121,169,187,94371,-18,-55
"North West",13,2006,2019,1976,200,232,89997,-32,43
"North West",13,2007,2022,1971,201,153,88129,48,51
"North West",13,2008,1844,1886,114,161,85627,-47,-42
"North West",13,2009,1816,1776,129,96,85871,33,40
"North West",13,2010,1804,1858,120,36,87118,84,-54
"North West",13,2011,1669,1679,87,48,83281,39,-10
"North West",13,2012,1823,1806,311,35,82739,276,17
"North West",13,2013,1718,1736,291,56,79797,235,-18
"North West",14,2002,2460,2449,184,77,93950,107,11
"North West",14,2003,2361,2279,288,66,92238,222,82
"North West",14,2004,2343,2299,129,169,93066,-40,44
"North West",14,2005,2220,2191,169,176,96046,-7,29
"North West",14,2006,2126,2072,190,230,94329,-40,54
"North West",14,2007,2139,2157,193,148,90058,45,-18
"North West",14,2008,2004,2025,108,159,88203,-51,-21
"North West",14,2009,1797,1829,129,99,85795,30,-32
"North West",14,2010,1732,1782,117,43,86194,74,-50
"North West",14,2011,1764,1744,89,46,87472,43,20
"North West",14,2012,1859,1823,351,64,83597,287,36
"North West",14,2013,1907,1943,277,59,82916,218,-36
"North West",15,2002,2171,2126,435,165,91562,270,45
"North West",15,2003,2282,2186,610,91,93942,519,96
"North West",15,2004,2213,2194,435,109,92114,326,19
"North West",15,2005,2073,2059,509,107,93204,402,14
"North West",15,2006,2032,2025,566,174,96372,392,7
"North West",15,2007,2017,2104,511,102,94605,409,-87
"North West",15,2008,1888,1942,528,193,90365,335,-54
"North West",15,2009,1882,1893,517,122,88705,395,-11
"North West",15,2010,1877,1834,400,115,86288,285,43
"North West",15,2011,1649,1703,424,80,86769,344,-54
"North West",15,2012,1853,1891,318,107,87640,211,-38
"North West",15,2013,1791,1786,327,94,83831,233,5
"North West",16,2002,2185,2170,470,176,91651,294,15
"North West",16,2003,2161,2166,696,110,91267,586,-5
"North West",16,2004,2278,2264,480,139,93691,341,14
"North West",16,2005,2090,2153,576,121,92041,455,-63
"North West",16,2006,2009,2030,626,190,93360,436,-21
"North West",16,2007,2145,2238,558,117,96649,441,-93
"North West",16,2008,1965,1983,590,210,94941,380,-18
"North West",16,2009,1999,1974,581,133,90867,448,25
"North West",16,2010,1935,1931,456,122,89189,334,4
"North West",16,2011,1840,1840,490,91,86866,399,0
"North West",16,2012,1902,1900,421,179,87002,242,2
"North West",16,2013,1848,1838,394,195,87831,199,10
"North West",17,2002,2848,2838,534,201,92021,333,10
"North West",17,2003,2879,2880,824,116,91650,708,-1
"North West",17,2004,2815,2811,590,131,90835,459,4
"North West",17,2005,2620,2669,721,138,93606,583,-49
"North West",17,2006,2596,2581,779,220,92170,559,15
"North West",17,2007,2767,2889,695,127,93535,568,-122
"North West",17,2008,2758,2899,722,238,96944,484,-141
"North West",17,2009,2623,2750,698,151,95309,547,-127
"North West",17,2010,2553,2656,564,130,91257,434,-103
"North West",17,2011,2487,2471,613,88,89868,525,16
"North West",17,2012,2474,2606,595,305,86907,290,-132
"North West",17,2013,2412,2510,572,299,87118,273,-98
"North West",18,2002,5222,5422,822,300,87627,522,-200
"North West",18,2003,5313,5395,1208,187,92287,1021,-82
"North West",18,2004,5338,5442,1086,251,91691,835,-104
"North West",18,2005,5284,5274,1431,279,91117,1152,10
"North West",18,2006,5325,5305,1457,435,94038,1022,20
"North West",18,2007,5338,5426,1340,264,92726,1076,-88
"North West",18,2008,5162,5156,1370,460,94209,910,6
"North West",18,2009,5156,5329,1327,300,97713,1027,-173
"North West",18,2010,5137,5456,1095,267,95772,828,-319
"North West",18,2011,5142,5296,1253,201,92173,1052,-154
"North West",18,2012,5580,5602,1091,429,90386,662,-22
"North West",18,2013,4756,5065,934,506,86970,428,-309
"North West",19,2002,17419,17564,1184,465,85113,719,-145
"North West",19,2003,16964,17406,1801,270,88149,1531,-442
"North West",19,2004,18292,17744,1793,395,93503,1398,548
"North West",19,2005,17755,17535,2387,442,93045,1945,220
"North West",19,2006,19010,17876,2417,720,92995,1697,1134
"North West",19,2007,18706,18283,2223,452,95579,1771,423
"North West",19,2008,16997,16864,2280,783,93870,1497,133
"North West",19,2009,17521,17904,2174,485,95271,1689,-383
"North West",19,2010,18058,18843,1836,443,98224,1393,-785
"North West",19,2011,18375,18454,2119,337,97402,1782,-79
"North West",19,2012,19689,19817,1817,605,93187,1212,-128
"North West",19,2013,16396,17823,1611,682,89855,929,-1427
"North West",20,2002,11423,10535,1386,806,83968,580,888
"North West",20,2003,11489,10504,1742,684,87146,1058,985
"North West",20,2004,11643,10432,2045,795,90061,1250,1211
"North West",20,2005,11760,10690,2713,1044,95557,1669,1070
"North West",20,2006,11357,10387,2851,1057,95115,1794,970
"North West",20,2007,10851,10170,2751,1233,94303,1518,681
"North West",20,2008,11068,10540,2178,923,96771,1255,528
"North West",20,2009,11656,10649,2023,1234,95212,789,1007
"North West",20,2010,11617,10460,2293,838,97614,1455,1157
"North West",20,2011,12030,10682,2868,1083,101337,1785,1348
"North West",20,2012,14406,13435,1874,812,99448,1062,971
"North West",20,2013,12474,12075,1899,993,94407,906,399
"North West",21,2002,9595,10127,1743,1012,84979,731,-532
"North West",21,2003,10034,10128,2181,867,85342,1314,-94
"North West",21,2004,10071,10245,2640,1002,88550,1638,-174
"North West",21,2005,10690,10626,3585,1321,91867,2264,64
"North West",21,2006,10085,10578,3677,1329,96769,2348,-493
"North West",21,2007,10392,10954,3559,1560,95859,1999,-562
"North West",21,2008,10123,10837,2841,1181,94428,1660,-714
"North West",21,2009,11059,11690,2655,1578,96615,1077,-631
"North West",21,2010,9636,9702,3043,1095,96668,1948,-66
"North West",21,2011,9494,9565,3801,1406,99687,2395,-71
"North West",21,2012,11673,11904,2057,979,102182,1078,-231
"North West",21,2013,11464,11705,1780,1234,99667,546,-241
"North West",22,2002,10420,11205,1996,1198,85047,798,-785
"North West",22,2003,10757,11073,2516,1043,86342,1473,-316
"North West",22,2004,10923,10915,3078,1217,87309,1861,8
"North West",22,2005,12862,13472,4205,1601,90504,2604,-610
"North West",22,2006,12921,13136,4292,1589,93755,2703,-215
"North West",22,2007,13513,14264,4152,1863,97623,2289,-751
"North West",22,2008,13472,14301,3324,1398,96229,1926,-829
"North West",22,2009,14098,15212,3074,1887,93598,1187,-1114
"North West",22,2010,14509,15207,3518,1304,97515,2214,-698
"North West",22,2011,13387,14399,4422,1709,97919,2713,-1012
"North West",22,2012,12784,13633,2522,1144,100173,1378,-849
"North West",22,2013,12989,13293,2295,1438,102756,857,-304
"North West",23,2002,9106,10161,1725,1192,79864,533,-1055
"North West",23,2003,9907,10485,2149,1041,86042,1108,-578
"North West",23,2004,9852,10062,2692,1245,87712,1447,-210
"North West",23,2005,10555,11122,3483,1585,88771,1898,-567
"North West",23,2006,11223,11743,3718,1631,91974,2087,-520
"North West",23,2007,11382,12098,3590,1901,94220,1689,-716
"North West",23,2008,11390,12272,2795,1422,97405,1373,-882
"North West",23,2009,12109,12572,2573,1851,95727,722,-463
"North West",23,2010,11985,12581,2951,1293,93731,1658,-596
"North West",23,2011,12088,13365,3684,1701,97584,1983,-1277
"North West",23,2012,10837,12013,2284,1299,97654,985,-1176
"North West",23,2013,10928,11900,2223,1540,99865,683,-972
"North West",24,2002,7251,8024,1542,1138,73936,404,-773
"North West",24,2003,7972,8674,1924,1003,80594,921,-702
"North West",24,2004,8533,8748,2403,1221,87356,1182,-215
"North West",24,2005,8648,9050,3073,1516,89057,1557,-402
"North West",24,2006,9071,9611,3354,1581,90103,1773,-540
"North West",24,2007,9406,9957,3227,1855,92779,1372,-551
"North West",24,2008,9204,9922,2505,1369,94071,1136,-718
"North West",24,2009,9933,10465,2278,1763,96712,515,-532
"North West",24,2010,10071,10409,2596,1216,95998,1380,-338
"North West",24,2011,9532,10325,3225,1621,93628,1604,-793
"North West",24,2012,9258,10059,1779,1301,97302,478,-801
"North West",24,2013,8927,9716,1929,1682,97043,247,-789
"North West",25,2002,6663,7168,1387,1040,72914,347,-505
"North West",25,2003,7156,7479,1799,990,74888,809,-323
"North West",25,2004,7561,7718,1637,1149,81479,488,-157
"North West",25,2005,8115,8211,2686,1948,88417,738,-96
"North West",25,2006,8214,8591,2266,1564,89610,702,-377
"North West",25,2007,8552,8888,2631,1915,90647,716,-336
"North West",25,2008,8276,8803,2491,2246,92412,245,-527
"North West",25,2009,8681,9151,1949,1909,93111,40,-470
"North West",25,2010,8878,9238,1960,1560,96076,400,-360
"North West",25,2011,8655,9308,2342,1836,95146,506,-653
"North West",25,2012,8315,8979,1698,1259,93330,439,-664
"North West",25,2013,8430,9090,1806,1617,96727,189,-660
"North West",26,2002,6739,7016,1273,903,75849,370,-277
"North West",26,2003,6737,6784,1656,888,74018,768,-47
"North West",26,2004,6963,6958,1500,1027,75732,473,5
"North West",26,2005,7248,7309,2438,1774,82569,664,-61
"North West",26,2006,7553,7820,2077,1383,89208,694,-267
"North West",26,2007,7837,8139,2415,1689,90173,726,-302
"North West",26,2008,7731,8130,2274,2032,90599,242,-399
"North West",26,2009,8041,8516,1792,1697,91957,95,-475
"North West",26,2010,7920,8314,1774,1360,92485,414,-394
"North West",26,2011,7812,8298,2133,1591,95310,542,-486
"North West",26,2012,7734,8350,1602,1215,94844,387,-616
"North West",26,2013,7965,8299,1689,1503,93149,186,-334
"North West",27,2002,6798,7096,1202,796,79314,406,-298
"North West",27,2003,6782,6665,1520,766,77149,754,117
"North West",27,2004,6615,6539,1380,867,75049,513,76
"North West",27,2005,6543,6485,2222,1509,76919,713,58
"North West",27,2006,6999,7118,1909,1215,83702,694,-119
"North West",27,2007,7581,7938,2209,1396,90083,813,-357
"North West",27,2008,7433,7790,2096,1718,90418,378,-357
"North West",27,2009,7465,7701,1664,1430,90714,234,-236
"North West",27,2010,7457,7625,1636,1131,92234,505,-168
"North West",27,2011,7203,7453,1966,1309,92327,657,-250
"North West",27,2012,7705,8155,1399,1165,95090,234,-450
"North West",27,2013,7457,7916,1521,1384,94458,137,-459
"North West",28,2002,6750,6731,1144,714,82585,430,19
"North West",28,2003,6929,6795,1460,689,80563,771,134
"North West",28,2004,6569,6430,1300,781,78172,519,139
"North West",28,2005,6232,6177,2083,1387,76204,696,55
"North West",28,2006,6380,6310,1810,1117,78122,693,70
"North West",28,2007,6941,7096,2094,1273,84909,821,-155
"North West",28,2008,7151,7430,1988,1570,90655,418,-279
"North West",28,2009,7059,7389,1576,1324,90533,252,-330
"North West",28,2010,6894,7161,1563,1042,91124,521,-267
"North West",28,2011,7163,7399,1868,1203,92605,665,-236
"North West",28,2012,7204,7409,1237,1042,92265,195,-205
"North West",28,2013,7424,7826,1324,1261,94707,63,-402
"North West",29,2002,6825,6867,1091,661,88631,430,-42
"North West",29,2003,6529,6384,1369,637,83732,732,145
"North West",29,2004,6349,6182,1220,713,81559,507,167
"North West",29,2005,6022,5891,1939,1258,79370,681,131
"North West",29,2006,5823,5805,1684,1013,77275,671,18
"North West",29,2007,6192,6258,1961,1153,79285,808,-66
"North West",29,2008,6448,6629,1866,1403,85773,463,-181
"North West",29,2009,6746,6851,1476,1197,91248,279,-105
"North West",29,2010,6514,6777,1467,940,91023,527,-263
"North West",29,2011,6481,6769,1756,1084,91625,672,-288
"North West",29,2012,6977,7376,1180,978,92346,202,-399
"North West",29,2013,6897,7182,1173,1051,92052,122,-285
"North West",30,2002,6567,6567,795,690,95359,105,0
"North West",30,2003,6672,6492,951,596,89454,355,180
"North West",30,2004,6218,6117,986,1012,84047,-26,101
"North West",30,2005,6003,5800,1384,1080,82364,304,203
"North West",30,2006,5776,5744,1469,1096,80158,373,32
"North West",30,2007,5734,5786,1236,1256,77650,-20,-52
"North West",30,2008,5615,5908,1473,1017,79907,456,-293
"North West",30,2009,6188,6316,1315,1064,86426,251,-128
"North West",30,2010,6373,6513,955,858,91614,97,-140
"North West",30,2011,6190,6304,1129,1023,91179,106,-114
"North West",30,2012,6466,6766,1008,951,91341,57,-300
"North West",30,2013,6721,6919,993,991,92131,2,-198
"North West",31,2002,6577,6406,746,653,98668,93,171
"North West",31,2003,6568,6250,866,550,96158,316,318
"North West",31,2004,6276,5971,908,907,90003,1,305
"North West",31,2005,5702,5496,1264,991,84799,273,206
"North West",31,2006,5685,5666,1336,981,83076,355,19
"North West",31,2007,5774,5715,1133,1138,80623,-5,59
"North West",31,2008,5187,5407,1335,950,78246,385,-220
"North West",31,2009,5337,5544,1210,989,80384,221,-207
"North West",31,2010,5740,5822,888,814,86956,74,-82
"North West",31,2011,5841,5986,1044,940,91921,104,-145
"North West",31,2012,6349,6476,975,803,91206,172,-127
"North West",31,2013,6251,6429,971,917,91196,54,-178
"North West",32,2002,5941,5902,697,615,98448,82,39
"North West",32,2003,6648,6332,804,515,99637,289,316
"North West",32,2004,6243,6170,829,820,96388,9,73
"North West",32,2005,5438,5340,1130,900,90602,230,98
"North West",32,2006,5398,5298,1233,882,85487,351,100
"North West",32,2007,5467,5468,1034,1088,83373,-54,-1
"North West",32,2008,5073,5135,1238,849,81345,389,-62
"North West",32,2009,4739,4753,1110,857,78882,253,-14
"North West",32,2010,4832,4939,818,750,80722,68,-107
"North West",32,2011,5233,5443,969,863,87367,106,-210
"North West",32,2012,5907,6197,827,763,91645,64,-290
"North West",32,2013,5821,5933,875,909,91033,-34,-112
"North West",33,2002,5907,5759,646,551,100990,95,148
"North West",33,2003,5753,5510,739,471,99097,268,243
"North West",33,2004,6059,5862,738,743,100107,-5,197
"North West",33,2005,5575,5381,1007,805,96936,202,194
"North West",33,2006,5071,5107,1092,802,91092,290,-36
"North West",33,2007,5132,5123,918,980,85694,-62,9
"North West",33,2008,4703,4836,1109,769,83912,340,-133
"North West",33,2009,4580,4632,1012,780,81905,232,-52
"North West",33,2010,4349,4494,745,689,79213,56,-145
"North West",33,2011,4557,4615,867,775,81177,92,-58
"North West",33,2012,5226,5393,700,722,87122,-22,-167
"North West",33,2013,5710,5865,725,781,91415,-56,-155
"North West",34,2002,5338,5265,647,526,101660,121,73
"North West",34,2003,5524,5413,734,445,101637,289,111
"North West",34,2004,5407,5223,722,706,99438,16,184
"North West",34,2005,5226,5137,997,757,100744,240,89
"North West",34,2006,5029,4918,1065,762,97452,303,111
"North West",34,2007,5126,5148,901,937,91276,-36,-22
"North West",34,2008,4594,4722,1070,732,86148,338,-128
"North West",34,2009,4253,4369,992,739,84326,253,-116
"North West",34,2010,4326,4389,724,660,82258,64,-63
"North West",34,2011,4218,4305,854,736,79653,118,-87
"North West",34,2012,4683,4676,636,655,81093,-19,7
"North West",34,2013,4996,5013,673,727,87041,-54,-17
"North West",35,2002,4968,4941,610,422,104343,188,27
"North West",35,2003,5122,4935,840,509,102266,331,187
"North West",35,2004,5171,4983,555,453,102130,102,188
"North West",35,2005,4808,4669,972,852,99825,120,139
"North West",35,2006,4862,4852,1063,839,101246,224,10
"North West",35,2007,4870,4944,957,724,97762,233,-74
"North West",35,2008,4423,4435,863,739,91653,124,-12
"North West",35,2009,4061,4130,765,677,86420,88,-69
"North West",35,2010,4266,4192,618,603,84743,15,74
"North West",35,2011,3949,4014,694,801,82460,-107,-65
"North West",35,2012,4236,4251,566,632,79520,-66,-15
"North West",35,2013,4289,4205,594,714,80996,-120,84
"North West",36,2002,4657,4668,570,376,104412,194,-11
"North West",36,2003,4843,4659,773,456,104888,317,184
"North West",36,2004,4890,4631,495,394,102700,101,259
"North West",36,2005,4510,4406,864,756,102573,108,104
"North West",36,2006,4193,4320,940,756,99995,184,-127
"North West",36,2007,4768,4787,855,653,101744,202,-19
"North West",36,2008,4442,4420,774,669,98080,105,22
"North West",36,2009,4042,4088,692,615,91959,77,-46
"North West",36,2010,3978,3955,556,556,86710,0,23
"North West",36,2011,3735,3773,619,727,84910,-108,-38
"North West",36,2012,4104,4178,537,610,82230,-73,-74
"North West",36,2013,3953,4066,568,652,79225,-84,-113
"North West",37,2002,4478,4232,540,373,106729,167,246
"North West",37,2003,4483,4403,740,432,104762,308,80
"North West",37,2004,4504,4284,489,388,105230,101,220
"North West",37,2005,4217,4023,842,734,103075,108,194
"North West",37,2006,4056,4087,910,752,102856,158,-31
"North West",37,2007,4324,4486,833,625,100148,208,-162
"North West",37,2008,4161,4176,741,673,102135,68,-15
"North West",37,2009,4004,3996,664,619,98252,45,8
"North West",37,2010,3850,3907,540,555,92112,-15,-57
"North West",37,2011,3533,3602,594,701,86758,-107,-69
"North West",37,2012,3818,3900,499,575,84654,-76,-82
"North West",37,2013,3711,3784,525,563,82092,-38,-73
"North West",38,2002,4311,4120,530,333,105756,197,191
"North West",38,2003,4248,4062,698,404,107192,294,186
"North West",38,2004,4345,4104,448,356,105006,92,241
"North West",38,2005,3720,3723,783,684,105327,99,-3
"North West",38,2006,3744,3749,848,692,103235,156,-5
"North West",38,2007,4051,4056,772,592,103240,180,-5
"North West",38,2008,3684,3740,690,606,100309,84,-56
"North West",38,2009,3664,3794,631,578,102278,53,-130
"North West",38,2010,3639,3818,507,516,98145,-9,-179
"North West",38,2011,3473,3508,568,655,92196,-87,-35
"North West",38,2012,3626,3683,469,447,86656,22,-57
"North West",38,2013,3403,3562,484,508,84419,-24,-159
"North West",39,2002,3789,3754,491,298,104823,193,35
"North West",39,2003,4006,3871,644,384,106244,260,135
"North West",39,2004,4031,3893,397,325,107367,72,138
"North West",39,2005,3555,3532,706,615,105121,91,23
"North West",39,2006,3491,3408,758,629,105530,129,83
"North West",39,2007,3923,3957,695,524,103428,171,-34
"North West",39,2008,3650,3564,626,564,103575,62,86
"North West",39,2009,3315,3342,561,508,100471,53,-27
"North West",39,2010,3526,3604,460,464,102507,-4,-78
"North West",39,2011,3375,3426,514,585,98170,-71,-51
"North West",39,2012,3547,3693,457,477,91956,-20,-146
"North West",39,2013,3460,3439,453,497,86498,-44,21
"North West",40,2002,3624,3559,507,351,103473,156,65
"North West",40,2003,3780,3722,462,394,104880,68,58
"North West",40,2004,3720,3644,382,445,106277,-63,76
"North West",40,2005,3424,3332,538,519,107391,19,92
"North West",40,2006,3347,3384,594,749,104885,-155,-37
"North West",40,2007,3500,3521,647,662,105448,-15,-21
"North West",40,2008,3321,3318,538,795,103241,-257,3
"North West",40,2009,3151,3136,537,474,103831,63,15
"North West",40,2010,3198,3297,432,601,100262,-169,-99
"North West",40,2011,3312,3392,300,530,102434,-230,-80
"North West",40,2012,3381,3509,399,443,97885,-44,-128
"North West",40,2013,3200,3323,401,452,91670,-51,-123
"North West",41,2002,3187,3187,482,342,100181,140,0
"North West",41,2003,3519,3396,434,361,103788,73,123
"North West",41,2004,3485,3370,348,397,104897,-49,115
"North West",41,2005,3235,3228,480,473,106311,7,7
"North West",41,2006,3162,3253,539,663,107136,-124,-91
"North West",41,2007,3400,3342,567,618,104821,-51,58
"North West",41,2008,3224,3144,486,717,105258,-231,80
"North West",41,2009,2893,2983,491,439,103248,52,-90
"North West",41,2010,3118,3190,397,550,103746,-153,-72
"North West",41,2011,2992,2974,263,488,100116,-225,18
"North West",41,2012,3481,3560,374,369,102258,5,-79
"North West",41,2013,3272,3243,385,374,97787,11,29
"North West",42,2002,2993,2934,456,288,96827,168,59
"North West",42,2003,3186,2997,418,337,100431,81,189
"North West",42,2004,3180,3069,314,360,103968,-46,111
"North West",42,2005,2903,2889,458,432,104835,26,14
"North West",42,2006,2913,2953,494,612,106163,-118,-40
"North West",42,2007,3228,3219,532,517,107048,15,9
"North West",42,2008,2913,2996,441,639,104448,-198,-83
"North West",42,2009,2828,2934,460,376,105187,84,-106
"North West",42,2010,2916,2939,374,482,103147,-108,-23
"North West",42,2011,2941,2970,252,431,103680,-179,-29
"North West",42,2012,2995,3058,366,356,99953,10,-63
"North West",42,2013,3275,3309,377,385,102097,-8,-34
"North West",43,2002,2672,2605,419,262,94489,157,67
"North West",43,2003,2840,2727,393,311,96966,82,113
"North West",43,2004,3009,2985,276,312,100354,-36,24
"North West",43,2005,2840,2889,400,378,103973,22,-49
"North West",43,2006,2749,2764,435,530,104608,-95,-15
"North West",43,2007,2896,2952,474,460,106123,14,-56
"North West",43,2008,2862,2938,396,565,106741,-169,-76
"North West",43,2009,2710,2709,419,340,104412,79,1
"North West",43,2010,2698,2778,321,431,104920,-110,-80
"North West",43,2011,2770,2822,229,387,102903,-158,-52
"North West",43,2012,3007,3079,343,332,103476,11,-72
"North West",43,2013,2789,2845,320,359,99700,-39,-56
"North West",44,2002,2566,2464,410,258,93556,152,102
"North West",44,2003,2609,2504,370,284,94650,86,105
"North West",44,2004,2782,2673,262,297,96940,-35,109
"North West",44,2005,2648,2633,379,364,100327,15,15
"North West",44,2006,2574,2693,408,510,103843,-102,-119
"North West",44,2007,2912,2879,440,434,104536,6,33
"North West",44,2008,2750,2792,364,531,105924,-167,-42
"North West",44,2009,2533,2631,382,316,106598,66,-98
"North West",44,2010,2640,2684,311,410,104167,-99,-44
"North West",44,2011,2596,2667,212,358,104602,-146,-71
"North West",44,2012,2780,2940,356,294,102647,62,-160
"North West",44,2013,2883,2919,341,332,103287,9,-36
"North West",45,2002,2428,2384,157,402,90683,-245,44
"North West",45,2003,2555,2458,215,128,93590,87,97
"North West",45,2004,2521,2441,248,299,94665,-51,80
"North West",45,2005,2351,2355,297,476,96654,-179,-4
"North West",45,2006,2396,2428,261,236,100252,25,-32
"North West",45,2007,2642,2707,259,532,103543,-273,-65
"North West",45,2008,2674,2700,337,325,104407,12,-26
"North West",45,2009,2449,2504,406,401,105840,5,-55
"North West",45,2010,2532,2539,260,246,106527,14,-7
"North West",45,2011,2514,2555,266,285,103948,-19,-41
"North West",45,2012,2634,2761,289,278,104291,11,-127
"North West",45,2013,2757,2772,271,274,102454,-3,-15
"North West",46,2002,2151,2149,128,364,87383,-236,2
"North West",46,2003,2242,2236,179,107,90698,72,6
"North West",46,2004,2437,2321,230,268,93533,-38,116
"North West",46,2005,2197,2157,257,415,94494,-158,40
"North West",46,2006,2144,2238,233,208,96495,25,-94
"North West",46,2007,2432,2533,234,475,99805,-241,-101
"North West",46,2008,2482,2513,295,309,103545,-14,-31
"North West",46,2009,2296,2431,371,365,104113,6,-135
"North West",46,2010,2370,2406,231,222,105780,9,-36
"North West",46,2011,2470,2453,245,265,106392,-20,17
"North West",46,2012,2495,2537,256,273,103707,-17,-42
"North West",46,2013,2608,2629,288,291,104063,-3,-21
"North West",47,2002,1982,1935,134,345,84991,-211,47
"North West",47,2003,2226,2138,180,109,87409,71,88
"North West",47,2004,2310,2243,221,242,90612,-21,67
"North West",47,2005,2169,2164,261,376,93205,-115,5
"North West",47,2006,2042,2069,225,200,94393,25,-27
"North West",47,2007,2353,2390,220,447,96120,-227,-37
"North West",47,2008,2307,2310,284,302,99720,-18,-3
"North West",47,2009,2166,2267,341,354,103446,-13,-101
"North West",47,2010,2298,2359,218,215,103933,3,-61
"North West",47,2011,2229,2334,229,246,105624,-17,-105
"North West",47,2012,2521,2627,276,241,106051,35,-106
"North West",47,2013,2458,2550,245,240,103410,5,-92
"North West",48,2002,1956,1890,120,316,85853,-196,66
"North West",48,2003,1957,1926,155,111,84825,44,31
"North West",48,2004,2071,2041,187,219,87226,-32,30
"North West",48,2005,1884,1950,217,362,90291,-145,-66
"North West",48,2006,2034,2044,194,195,92981,-1,-10
"North West",48,2007,2078,2208,205,428,93908,-223,-130
"North West",48,2008,2112,2172,257,266,95864,-9,-60
"North West",48,2009,2078,2095,318,324,99567,-6,-17
"North West",48,2010,2144,2210,197,194,103394,3,-66
"North West",48,2011,2212,2182,206,224,103797,-18,30
"North West",48,2012,2406,2488,249,241,105297,8,-82
"North West",48,2013,2402,2508,254,264,105683,-10,-106
"North West",49,2002,1939,1951,115,294,85893,-179,-12
"North West",49,2003,1971,1929,153,102,85707,51,42
"North West",49,2004,1881,1933,187,217,84498,-30,-52
"North West",49,2005,1897,1863,226,342,86984,-116,34
"North West",49,2006,1946,1976,188,186,90106,2,-30
"North West",49,2007,2139,2142,192,396,92536,-204,-3
"North West",49,2008,1971,2026,243,248,93721,-5,-55
"North West",49,2009,1902,1934,304,305,95699,-1,-32
"North West",49,2010,2065,2082,191,188,99496,3,-17
"North West",49,2011,2025,2045,199,204,103337,-5,-20
"North West",49,2012,2293,2333,239,212,103473,27,-40
"North West",49,2013,2298,2409,219,241,104916,-22,-111
"North West",50,2002,1902,1865,103,116,84702,-13,37
"North West",50,2003,1972,1918,180,217,85694,-37,54
"North West",50,2004,1970,1948,74,175,85343,-101,22
"North West",50,2005,1702,1694,257,300,84154,-43,8
"North West",50,2006,1799,1781,215,327,86671,-112,18
"North West",50,2007,1893,1999,145,216,89795,-71,-106
"North West",50,2008,1904,2029,274,213,92199,61,-125
"North West",50,2009,1802,1819,207,189,93589,18,-17
"North West",50,2010,1845,1903,82,129,95413,-47,-58
"North West",50,2011,1962,2008,247,225,99300,22,-46
"North West",50,2012,2183,2277,197,200,102957,-3,-94
"North West",50,2013,2277,2289,217,221,103161,-4,-12
"North West",51,2002,1765,1757,102,109,85740,-7,8
"North West",51,2003,1834,1804,154,184,84341,-30,30
"North West",51,2004,1890,1873,65,169,85404,-104,17
"North West",51,2005,1695,1778,216,278,84891,-62,-83
"North West",51,2006,1592,1666,198,315,83659,-117,-74
"North West",51,2007,1783,1830,139,198,86310,-59,-47
"North West",51,2008,1826,1915,259,205,89565,54,-89
"North West",51,2009,1634,1708,189,185,91897,4,-74
"North West",51,2010,1770,1761,76,137,93373,-61,9
"North West",51,2011,1750,1814,222,234,95089,-12,-64
"North West",51,2012,2112,2184,188,171,98936,17,-72
"North West",51,2013,2084,2087,205,218,102604,-13,-3
"North West",52,2002,1764,1807,108,126,88246,-18,-43
"North West",52,2003,1838,1778,169,208,85505,-39,60
"North West",52,2004,1820,1786,74,182,83885,-108,34
"North West",52,2005,1667,1670,240,307,85076,-67,-3
"North West",52,2006,1627,1633,206,327,84419,-121,-6
"North West",52,2007,1707,1780,140,224,83173,-84,-73
"North West",52,2008,1750,1835,255,213,86102,42,-85
"North West",52,2009,1491,1585,202,213,89267,-11,-94
"North West",52,2010,1580,1666,76,134,91458,-58,-86
"North West",52,2011,1727,1752,232,233,93138,-1,-25
"North West",52,2012,1856,1974,192,182,94677,10,-118
"North West",52,2013,1920,2011,189,213,98516,-24,-91
"North West",53,2002,1820,1832,94,103,91757,-9,-12
"North West",53,2003,1835,1852,157,179,87911,-22,-17
"North West",53,2004,1685,1735,73,164,85043,-91,-50
"North West",53,2005,1476,1529,218,272,83363,-54,-53
"North West",53,2006,1576,1612,188,306,84642,-118,-36
"North West",53,2007,1665,1736,129,193,83964,-64,-71
"North West",53,2008,1527,1619,243,201,82790,42,-92
"North West",53,2009,1522,1522,184,175,85872,9,0
"North West",53,2010,1550,1596,74,122,88970,-48,-46
"North West",53,2011,1659,1665,217,217,91174,0,-6
"North West",53,2012,1792,1877,163,153,92720,10,-85
"North West",53,2013,1836,1866,184,179,94337,5,-30
"North West",54,2002,1905,1978,95,106,98512,-11,-73
"North West",54,2003,1816,1761,153,178,91369,-25,55
"North West",54,2004,1746,1806,67,162,87356,-95,-60
"North West",54,2005,1449,1525,222,281,84594,-59,-76
"North West",54,2006,1447,1493,209,311,82769,-102,-46
"North West",54,2007,1663,1778,135,200,84154,-65,-115
"North West",54,2008,1498,1661,247,198,83462,49,-163
"North West",54,2009,1368,1336,193,184,82406,9,32
"North West",54,2010,1483,1526,77,122,85457,-45,-43
"North West",54,2011,1562,1571,215,213,88699,2,-9
"North West",54,2012,1749,1825,149,133,90694,16,-76
"North West",54,2013,1782,1785,141,174,92325,-33,-3
"North West",55,2002,2022,2071,77,162,103358,-85,-49
"North West",55,2003,1900,1884,84,212,97837,-128,16
"North West",55,2004,1794,1840,94,240,90717,-146,-46
"North West",55,2005,1571,1582,116,258,86848,-142,-11
"North West",55,2006,1440,1510,117,169,84148,-52,-70
"North West",55,2007,1521,1670,84,194,82080,-110,-149
"North West",55,2008,1495,1570,93,272,83598,-179,-75
"North West",55,2009,1358,1370,94,48,83129,46,-12
"North West",55,2010,1328,1375,99,77,82032,22,-47
"North West",55,2011,1435,1485,128,130,85067,-2,-50
"North West",55,2012,1690,1735,158,119,88311,39,-45
"North West",55,2013,1760,1819,143,140,90279,3,-59
"North West",56,2002,1539,1593,79,165,82217,-86,-54
"North West",56,2003,1966,1973,77,230,102999,-153,-7
"North West",56,2004,1858,1848,102,261,97065,-159,10
"North West",56,2005,1530,1695,107,264,89885,-157,-165
"North West",56,2006,1373,1466,112,171,86273,-59,-93
"North West",56,2007,1577,1713,94,174,83558,-80,-136
"North West",56,2008,1418,1443,103,280,81394,-177,-25
"North West",56,2009,1218,1303,110,59,83181,51,-85
"North West",56,2010,1300,1402,118,85,82575,33,-102
"North West",56,2011,1318,1374,141,142,81522,-1,-56
"North West",56,2012,1553,1587,173,95,84692,78,-34
"North West",56,2013,1547,1722,158,119,87706,39,-175
"North West",57,2002,1459,1507,72,121,79790,-49,-48
"North West",57,2003,1460,1460,70,212,81422,-142,0
"North West",57,2004,2005,2059,91,214,102560,-123,-54
"North West",57,2005,1545,1637,103,234,96189,-131,-92
"North West",57,2006,1462,1479,100,147,89279,-47,-17
"North West",57,2007,1602,1642,77,166,85719,-89,-40
"North West",57,2008,1338,1445,89,253,82907,-164,-107
"North West",57,2009,1182,1264,89,52,80858,37,-82
"North West",57,2010,1264,1327,89,73,82738,16,-63
"North West",57,2011,1222,1266,117,111,82113,6,-44
"North West",57,2012,1335,1302,148,125,81124,23,33
"North West",57,2013,1474,1588,136,157,84100,-21,-114
"North West",58,2002,1440,1484,64,125,79131,-61,-44
"North West",58,2003,1464,1531,63,181,79067,-118,-67
"North West",58,2004,1483,1543,81,203,80590,-122,-60
"North West",58,2005,1592,1719,88,198,102022,-110,-127
"North West",58,2006,1438,1523,82,135,95385,-53,-85
"North West",58,2007,1559,1679,77,139,88503,-62,-120
"North West",58,2008,1301,1441,79,230,84933,-151,-140
"North West",58,2009,1140,1209,86,52,82468,34,-69
"North West",58,2010,1121,1239,83,77,80184,6,-118
"North West",58,2011,1242,1283,106,112,82276,-6,-41
"North West",58,2012,1323,1414,137,119,81563,18,-91
"North West",58,2013,1297,1390,159,177,80512,-18,-93
"North West",59,2002,1318,1324,75,123,76385,-48,-6
"North West",59,2003,1345,1407,74,189,78582,-115,-62
"North West",59,2004,1402,1515,93,196,78290,-103,-113
"North West",59,2005,1222,1261,96,208,79752,-112,-39
"North West",59,2006,1578,1658,93,133,101599,-40,-80
"North West",59,2007,1607,1786,74,134,94429,-60,-179
"North West",59,2008,1344,1508,78,231,87556,-153,-164
"North West",59,2009,1110,1222,88,47,84328,41,-112
"North West",59,2010,1163,1214,90,77,82001,13,-51
"North West",59,2011,1209,1225,111,105,79595,6,-16
"North West",59,2012,1283,1370,131,102,81671,29,-87
"North West",59,2013,1352,1403,141,168,80972,-27,-51
"North West",60,2002,1216,1248,75,92,69828,-17,-32
"North West",60,2003,1344,1337,62,68,75755,-6,7
"North West",60,2004,1417,1506,53,139,77951,-86,-89
"North West",60,2005,1165,1238,203,519,77238,-316,-73
"North West",60,2006,1194,1311,115,284,78741,-169,-117
"North West",60,2007,1797,1929,98,577,100685,-479,-132
"North West",60,2008,1477,1530,53,50,93615,3,-53
"North West",60,2009,1175,1278,86,83,86755,3,-103
"North West",60,2010,1221,1344,89,70,83664,19,-123
"North West",60,2011,1188,1235,87,116,81420,-29,-47
"North West",60,2012,1273,1335,151,130,78945,21,-62
"North West",60,2013,1318,1398,138,138,81007,0,-80
"North West",61,2002,1164,1181,61,74,67148,-13,-17
"North West",61,2003,1250,1244,71,79,69242,-8,6
"North West",61,2004,1320,1323,56,127,75043,-71,-3
"North West",61,2005,1163,1284,227,512,77092,-285,-121
"North West",61,2006,1181,1297,105,282,76314,-177,-116
"North West",61,2007,1281,1416,99,546,77410,-447,-135
"North West",61,2008,1517,1634,61,59,100194,2,-117
"North West",61,2009,1182,1311,83,98,92697,-15,-129
"North West",61,2010,1200,1325,84,80,85946,4,-125
"North West",61,2011,1168,1250,81,120,82960,-39,-82
"North West",61,2012,1229,1358,142,119,80665,23,-129
"North West",61,2013,1323,1365,118,132,78259,-14,-42
"North West",62,2002,1081,1117,56,65,68909,-9,-36
"North West",62,2003,1116,1133,57,51,66415,6,-17
"North West",62,2004,1091,1153,43,91,68528,-48,-62
"North West",62,2005,1056,1104,152,406,74036,-254,-48
"North West",62,2006,1082,1161,72,205,76342,-133,-79
"North West",62,2007,1108,1254,69,415,75068,-346,-146
"North West",62,2008,1194,1274,43,30,76516,13,-80
"North West",62,2009,1152,1270,62,62,99647,0,-118
"North West",62,2010,1188,1310,62,47,91703,15,-122
"North West",62,2011,1134,1177,60,71,85201,-11,-43
"North West",62,2012,1184,1284,153,112,82212,41,-100
"North West",62,2013,1275,1380,139,133,79808,6,-105
"North West",63,2002,1102,1129,56,69,68852,-13,-27
"North West",63,2003,1078,1138,61,60,68007,1,-60
"North West",63,2004,1015,1061,43,105,65535,-62,-46
"North West",63,2005,924,938,173,406,67577,-233,-14
"North West",63,2006,948,1035,80,223,73062,-143,-87
"North West",63,2007,1103,1183,75,420,75336,-345,-80
"North West",63,2008,997,1104,46,38,74243,8,-107
"North West",63,2009,880,904,68,65,75685,3,-24
"North West",63,2010,1265,1386,58,62,99028,-4,-121
"North West",63,2011,1183,1253,59,86,90683,-27,-70
"North West",63,2012,1165,1228,135,110,84340,25,-63
"North West",63,2013,1202,1222,141,104,81395,37,-20
"North West",64,2002,1030,1103,49,51,68088,-2,-73
"North West",64,2003,1031,1087,65,45,67921,20,-56
"North West",64,2004,1038,1068,45,104,67016,-59,-30
"North West",64,2005,743,825,188,388,64351,-200,-82
"North West",64,2006,934,981,73,200,66668,-127,-47
"North West",64,2007,1037,1153,75,367,71882,-292,-116
"North West",64,2008,899,999,41,35,74617,6,-100
"North West",64,2009,788,846,64,62,73386,2,-58
"North West",64,2010,918,1021,59,54,74763,5,-103
"North West",64,2011,1139,1204,59,69,98427,-10,-65
"North West",64,2012,1252,1345,163,123,89678,40,-93
"North West",64,2013,1082,1200,153,119,83402,34,-118
"North West",65,2002,1107,1133,61,106,66105,-45,-26
"North West",65,2003,1056,1082,51,129,67095,-78,-26
"North West",65,2004,1066,1132,72,163,66818,-91,-66
"North West",65,2005,843,931,54,144,65897,-90,-88
"North West",65,2006,802,842,147,441,63139,-294,-40
"North West",65,2007,965,1040,38,191,65651,-153,-75
"North West",65,2008,917,1057,204,205,70947,-1,-140
"North West",65,2009,814,835,91,131,73895,-40,-21
"North West",65,2010,906,947,102,79,72528,23,-41
"North West",65,2011,932,999,99,116,73689,-17,-67
"North West",65,2012,1263,1365,109,93,97326,16,-102
"North West",65,2013,1174,1275,130,96,88653,34,-101
"North West",66,2002,914,954,45,80,64361,-35,-40
"North West",66,2003,917,939,37,102,64931,-65,-22
"North West",66,2004,1006,1033,54,124,66007,-70,-27
"North West",66,2005,826,901,46,111,65625,-65,-75
"North West",66,2006,746,800,117,330,64664,-213,-54
"North West",66,2007,864,923,23,132,61968,-109,-59
"North West",66,2008,786,867,149,164,64797,-15,-81
"North West",66,2009,690,744,62,97,69992,-35,-54
"North West",66,2010,783,852,72,62,73179,10,-69
"North West",66,2011,783,887,62,89,71498,-27,-104
"North West",66,2012,944,983,92,84,72731,8,-39
"North West",66,2013,1237,1345,94,76,96160,18,-108
"North West",67,2002,848,864,39,64,61913,-25,-16
"North West",67,2003,857,851,38,79,63244,-41,6
"North West",67,2004,846,937,48,94,63733,-46,-91
"North West",67,2005,710,735,32,89,64819,-57,-25
"North West",67,2006,714,800,85,320,64272,-235,-86
"North West",67,2007,856,909,30,136,63488,-106,-53
"North West",67,2008,734,788,135,124,60939,11,-54
"North West",67,2009,583,640,71,93,63844,-22,-57
"North West",67,2010,733,800,56,38,69042,18,-67
"North West",67,2011,785,839,61,63,72359,-2,-54
"North West",67,2012,747,852,114,55,70443,59,-105
"North West",67,2013,899,978,117,62,71731,55,-79
"North West",68,2002,782,808,36,49,58891,-13,-26
"North West",68,2003,751,739,39,61,60643,-22,12
"North West",68,2004,779,824,31,67,61930,-36,-45
"North West",68,2005,570,663,23,66,62327,-43,-93
"North West",68,2006,713,774,60,250,63461,-190,-61
"North West",68,2007,769,812,30,112,63038,-82,-43
"North West",68,2008,673,703,102,108,62425,-6,-30
"North West",68,2009,494,519,48,67,59867,-19,-25
"North West",68,2010,586,610,43,34,62917,9,-24
"North West",68,2011,640,705,43,57,68018,-14,-65
"North West",68,2012,814,823,85,71,71305,14,-9
"North West",68,2013,760,818,94,79,69387,15,-58
"North West",69,2002,737,742,46,58,57738,-12,-5
"North West",69,2003,697,713,39,71,57609,-32,-16
"North West",69,2004,702,721,49,99,59225,-50,-19
"North West",69,2005,589,678,38,92,60531,-54,-89
"North West",69,2006,635,649,95,315,60869,-220,-14
"North West",69,2007,724,797,24,119,62069,-95,-73
"North West",69,2008,627,693,136,125,61883,11,-66
"North West",69,2009,510,551,68,80,61188,-12,-41
"North West",69,2010,550,595,57,49,58782,8,-45
"North West",69,2011,596,658,52,63,61860,-11,-62
"North West",69,2012,718,750,88,53,66909,35,-32
"North West",69,2013,736,794,69,85,70097,-16,-58
"North West",70,2002,714,746,25,39,57783,-14,-32
"North West",70,2003,622,598,34,57,56277,-23,24
"North West",70,2004,669,676,20,55,56276,-35,-7
"North West",70,2005,591,630,18,61,57805,-43,-39
"North West",70,2006,605,653,44,181,59064,-137,-48
"North West",70,2007,662,704,20,84,59472,-64,-42
"North West",70,2008,588,618,75,68,60808,7,-30
"North West",70,2009,473,491,50,57,60622,-7,-18
"North West",70,2010,554,549,37,32,60095,5,5
"North West",70,2011,518,525,57,41,57612,16,-7
"North West",70,2012,630,656,74,57,60770,17,-26
"North West",70,2013,722,691,70,59,65798,11,31
"North West",71,2002,712,745,27,51,56855,-24,-33
"North West",71,2003,618,624,27,52,56277,-25,-6
"North West",71,2004,598,586,21,68,54718,-47,12
"North West",71,2005,511,545,11,66,54845,-55,-34
"North West",71,2006,556,596,49,168,56307,-119,-40
"North West",71,2007,632,642,16,82,57631,-66,-10
"North West",71,2008,523,536,78,82,58028,-4,-13
"North West",71,2009,422,457,45,61,59451,-16,-35
"North West",71,2010,539,522,39,37,59341,2,17
"North West",71,2011,522,537,59,48,58829,11,-15
"North West",71,2012,522,575,57,70,56383,-13,-53
"North West",71,2013,634,678,86,69,59544,17,-44
"North West",72,2002,629,670,32,59,55459,-27,-41
"North West",72,2003,624,646,31,69,55163,-38,-22
"North West",72,2004,589,604,30,71,54588,-41,-15
"North West",72,2005,437,492,25,77,53029,-52,-55
"North West",72,2006,469,485,54,161,53293,-107,-16
"North West",72,2007,568,560,12,68,54809,-56,8
"North West",72,2008,499,539,82,84,56171,-2,-40
"North West",72,2009,453,480,40,48,56604,-8,-27
"North West",72,2010,509,531,38,37,58069,1,-22
"North West",72,2011,490,504,48,58,57959,-10,-14
"North West",72,2012,505,565,66,58,57495,8,-60
"North West",72,2013,547,559,61,69,55132,-8,-12
"North West",73,2002,640,672,28,45,52723,-17,-32
"North West",73,2003,537,606,31,48,53588,-17,-69
"North West",73,2004,594,604,19,51,53355,-32,-10
"North West",73,2005,497,520,15,47,52945,-32,-23
"North West",73,2006,488,520,43,145,51345,-102,-32
"North West",73,2007,547,571,18,68,51725,-50,-24
"North West",73,2008,444,493,67,66,53252,1,-49
"North West",73,2009,367,382,37,44,54691,-7,-15
"North West",73,2010,450,471,34,37,55089,-3,-21
"North West",73,2011,475,461,43,44,56673,-1,14
"North West",73,2012,537,554,49,24,56578,25,-17
"North West",73,2013,576,575,46,29,56080,17,1
"North West",74,2002,590,553,21,42,50116,-21,37
"North West",74,2003,595,608,26,49,50786,-23,-13
"North West",74,2004,604,619,14,53,51642,-39,-15
"North West",74,2005,451,512,14,53,51574,-39,-61
"North West",74,2006,457,504,39,128,51080,-89,-47
"North West",74,2007,491,509,14,66,49563,-52,-18
"North West",74,2008,443,469,63,71,50145,-8,-26
"North West",74,2009,389,388,37,48,51662,-11,1
"North West",74,2010,425,437,31,23,53087,8,-12
"North West",74,2011,441,469,42,48,53501,-6,-28
"North West",74,2012,469,501,62,18,55242,44,-32
"North West",74,2013,553,571,45,7,55070,38,-18
"North West",75,2002,547,593,13,10,49007,3,-46
"North West",75,2003,520,534,22,14,48049,8,-14
"North West",75,2004,500,561,12,11,48700,1,-61
"North West",75,2005,484,470,5,2,49779,3,14
"North West",75,2006,440,478,8,70,49698,-62,-38
"North West",75,2007,488,528,19,41,49251,-22,-40
"North West",75,2008,402,429,16,14,47827,2,-27
"North West",75,2009,351,394,15,16,48401,-1,-43
"North West",75,2010,461,450,6,10,50044,-4,11
"North West",75,2011,436,430,18,16,51490,2,6
"North West",75,2012,519,529,33,9,51860,24,-10
"North West",75,2013,535,538,44,10,53697,34,-3
"North West",76,2002,534,550,3,7,46973,-4,-16
"North West",76,2003,512,560,21,16,46780,5,-48
"North West",76,2004,481,479,3,9,45978,-6,2
"North West",76,2005,448,469,5,4,46650,1,-21
"North West",76,2006,449,490,4,60,47705,-56,-41
"North West",76,2007,499,522,13,40,47797,-27,-23
"North West",76,2008,416,440,20,8,47428,12,-24
"North West",76,2009,349,343,16,16,46015,0,6
"North West",76,2010,383,420,2,10,46668,-8,-37
"North West",76,2011,400,389,13,15,48368,-2,11
"North West",76,2012,415,424,43,9,49886,34,-9
"North West",76,2013,462,476,46,16,50188,30,-14
"North West",77,2002,532,557,5,12,44000,-7,-25
"North West",77,2003,478,478,14,16,44689,-2,0
"North West",77,2004,489,524,7,6,44512,1,-35
"North West",77,2005,389,484,1,2,43785,-1,-95
"North West",77,2006,405,450,3,45,44586,-42,-45
"North West",77,2007,482,525,5,31,45656,-26,-43
"North West",77,2008,430,432,14,14,45866,0,-2
"North West",77,2009,380,397,6,14,45535,-8,-17
"North West",77,2010,360,378,1,12,44180,-11,-18
"North West",77,2011,372,365,12,19,44935,-7,7
"North West",77,2012,463,456,24,5,46684,19,7
"North West",77,2013,481,471,36,4,48174,32,10
"North West",78,2002,506,511,10,7,42198,3,-5
"North West",78,2003,523,516,25,12,41588,13,7
"North West",78,2004,481,478,7,11,42253,-4,3
"North West",78,2005,408,458,2,1,42121,1,-50
"North West",78,2006,435,442,11,65,41654,-54,-7
"North West",78,2007,434,457,15,52,42439,-37,-23
"North West",78,2008,449,476,18,14,43535,4,-27
"North West",78,2009,371,391,14,17,43851,-3,-20
"North West",78,2010,400,426,7,9,43611,-2,-26
"North West",78,2011,381,378,23,19,42290,4,3
"North West",78,2012,387,407,32,12,43048,20,-20
"North West",78,2013,465,470,35,6,44835,29,-5
"North West",79,2002,490,539,7,6,40111,1,-49
"North West",79,2003,525,532,9,9,39687,0,-7
"North West",79,2004,439,477,6,6,39154,0,-38
"North West",79,2005,426,467,0,4,39884,-4,-41
"North West",79,2006,417,429,1,14,39722,-13,-12
"North West",79,2007,430,485,0,17,39458,-17,-55
"North West",79,2008,425,458,3,8,40273,-5,-33
"North West",79,2009,355,376,2,12,41390,-10,-21
"North West",79,2010,383,434,1,10,41774,-9,-51
"North West",79,2011,369,364,1,2,41595,-1,5
"North West",79,2012,389,391,23,10,40555,13,-2
"North West",79,2013,400,471,36,8,41058,28,-71
"North West",80,2002,541,615,6,5,40115,1,-74
"North West",80,2003,479,511,15,7,37496,8,-32
"North West",80,2004,485,521,2,7,37099,-5,-36
"North West",80,2005,417,471,3,1,36702,2,-54
"North West",80,2006,423,458,0,6,37429,-6,-35
"North West",80,2007,458,460,5,9,37410,-4,-2
"North West",80,2008,413,443,5,6,37206,-1,-30
"North West",80,2009,357,373,2,4,38065,-2,-16
"North West",80,2010,393,389,0,3,39212,-3,4
"North West",80,2011,392,421,2,4,39645,-2,-29
"North West",80,2012,350,407,21,6,39495,15,-57
"North West",80,2013,471,469,23,3,38500,20,2
"North West",81,2002,500,553,5,5,39032,0,-53
"North West",81,2003,523,506,8,7,37222,1,17
"North West",81,2004,489,529,4,3,34808,1,-40
"North West",81,2005,399,418,1,3,34603,-2,-19
"North West",81,2006,397,427,0,7,34305,-7,-30
"North West",81,2007,426,458,2,5,35015,-3,-32
"North West",81,2008,415,477,4,3,34988,1,-62
"North West",81,2009,293,345,2,2,34795,0,-52
"North West",81,2010,358,357,0,4,35843,-4,1
"North West",81,2011,433,435,2,5,37031,-3,-2
"North West",81,2012,398,395,25,3,37491,22,3
"North West",81,2013,434,418,16,3,37261,13,16
"North West",82,2002,554,558,1,4,35333,-3,-4
"North West",82,2003,482,507,9,4,35948,5,-25
"North West",82,2004,476,531,0,1,34220,-1,-55
"North West",82,2005,446,470,0,1,32261,-1,-24
"North West",82,2006,419,447,0,5,32024,-5,-28
"North West",82,2007,373,412,0,4,31826,-4,-39
"North West",82,2008,383,432,1,2,32551,-1,-49
"North West",82,2009,337,368,2,0,32548,2,-31
"North West",82,2010,413,406,0,0,32545,0,7
"North West",82,2011,370,415,0,0,33507,0,-45
"North West",82,2012,361,421,12,4,34688,8,-60
"North West",82,2013,454,428,20,1,35151,19,26
"North West",83,2002,378,399,0,0,24566,0,-21
"North West",83,2003,526,525,6,2,32161,4,1
"North West",83,2004,517,562,0,0,32788,0,-45
"North West",83,2005,464,498,1,1,31337,0,-34
"North West",83,2006,426,430,3,1,29747,2,-4
"North West",83,2007,453,456,0,1,29538,-1,-3
"North West",83,2008,372,429,0,0,29323,0,-57
"North West",83,2009,371,380,0,0,30095,0,-9
"North West",83,2010,382,381,0,0,30177,0,1
"North West",83,2011,425,441,0,0,30217,0,-16
"North West",83,2012,399,399,12,1,31070,11,0
"North West",83,2013,424,479,16,1,32114,15,-55
"North West",84,2002,326,356,3,0,19305,3,-30
"North West",84,2003,326,344,3,2,22530,1,-18
"North West",84,2004,557,554,1,3,29041,-2,3
"North West",84,2005,472,483,2,1,29757,1,-11
"North West",84,2006,433,467,0,8,28497,-8,-34
"North West",84,2007,438,473,2,14,27091,-12,-35
"North West",84,2008,417,414,4,4,27032,0,3
"North West",84,2009,361,401,3,1,26810,2,-40
"North West",84,2010,392,394,1,3,27696,-2,-2
"North West",84,2011,383,421,4,4,27697,0,-38
"North West",84,2012,421,455,9,3,27817,6,-34
"North West",84,2013,448,498,17,0,28521,17,-50
"North West",85,2002,376,405,1,3,19068,-2,-29
"North West",85,2003,328,311,10,9,17339,1,17
"North West",85,2004,325,362,1,1,20403,0,-37
"North West",85,2005,472,510,1,1,25861,0,-38
"North West",85,2006,474,501,4,13,26817,-9,-27
"North West",85,2007,418,442,2,6,25727,-4,-24
"North West",85,2008,332,366,2,1,24463,1,-34
"North West",85,2009,346,352,8,6,24443,2,-6
"North West",85,2010,349,393,4,4,24383,0,-44
"North West",85,2011,369,395,3,6,25231,-3,-26
"North West",85,2012,414,427,18,4,25395,14,-13
"North West",85,2013,396,424,15,2,25304,13,-28
"North West",86,2002,368,379,2,1,17717,1,-11
"North West",86,2003,336,352,4,2,16827,2,-16
"North West",86,2004,298,314,4,1,15330,3,-16
"North West",86,2005,284,298,2,0,18409,2,-14
"North West",86,2006,431,470,4,5,22916,-1,-39
"North West",86,2007,388,433,4,5,23889,-1,-45
"North West",86,2008,421,436,2,1,22995,1,-15
"North West",86,2009,362,385,3,3,21966,0,-23
"North West",86,2010,393,410,0,5,22049,-5,-17
"North West",86,2011,358,369,1,1,22035,0,-11
"North West",86,2012,369,403,16,6,22727,10,-34
"North West",86,2013,417,437,16,1,22878,15,-20
"North West",87,2002,428,428,1,1,17142,0,0
"North West",87,2003,346,361,5,2,15423,3,-15
"North West",87,2004,312,327,1,0,14713,1,-15
"North West",87,2005,257,275,1,0,13448,1,-18
"North West",87,2006,258,279,0,5,16468,-5,-21
"North West",87,2007,416,440,0,2,20016,-2,-24
"North West",87,2008,372,422,0,0,21067,0,-50
"North West",87,2009,337,377,3,2,20320,1,-40
"North West",87,2010,381,385,0,0,19598,0,-4
"North West",87,2011,362,390,1,2,19585,-1,-28
"North West",87,2012,388,410,12,1,19743,11,-22
"North West",87,2013,399,408,9,0,20202,9,-9
"North West",88,2002,333,377,2,3,14798,-1,-44
"North West",88,2003,310,329,6,2,14747,4,-19
"North West",88,2004,316,333,2,0,13175,2,-17
"North West",88,2005,253,295,1,0,12634,1,-42
"North West",88,2006,242,277,5,3,11642,2,-35
"North West",88,2007,266,276,0,3,14558,-3,-10
"North West",88,2008,346,349,4,1,17236,3,-3
"North West",88,2009,353,417,2,2,18328,0,-64
"North West",88,2010,332,385,0,0,17806,0,-53
"North West",88,2011,358,381,0,2,17233,-2,-23
"North West",88,2012,304,334,8,2,17273,6,-30
"North West",88,2013,374,380,5,3,17410,2,-6
"North West",89,2002,306,323,0,1,12413,-1,-17
"North West",89,2003,313,318,3,0,12581,3,-5
"North West",89,2004,314,319,0,0,12523,0,-5
"North West",89,2005,281,296,0,0,11184,0,-15
"North West",89,2006,243,248,3,1,10788,2,-5
"North West",89,2007,204,231,0,0,9964,0,-27
"North West",89,2008,208,227,0,1,12769,-1,-19
"North West",89,2009,310,348,0,0,14618,0,-38
"North West",89,2010,343,342,0,0,15827,0,1
"North West",89,2011,299,314,0,0,15470,0,-15
"North West",89,2012,373,383,4,2,14955,2,-10
"North West",89,2013,318,352,8,3,14824,5,-34
"North West",90,2002,1157,1220,1,2,42152,-1,-63
"North West",90,2003,1143,1227,4,1,43045,3,-84
"North West",90,2004,1178,1265,0,0,43848,0,-87
"North West",90,2005,1184,1268,1,0,44651,1,-84
"North West",90,2006,1133,1186,0,2,44385,-2,-53
"North West",90,2007,1067,1171,7,1,43817,6,-104
"North West",90,2008,1011,1092,0,0,42219,0,-81
"North West",90,2009,1036,1097,0,0,43781,0,-61
"North West",90,2010,1195,1264,0,0,47151,0,-69
"North West",90,2011,1156,1252,0,0,50972,0,-96
"North West",90,2012,1367,1399,23,2,53871,21,-32
"North West",90,2013,1425,1489,23,1,54818,22,-64
"South East",0,2002,7007,6519,521,472,87297,49,488
"South East",0,2003,6784,6203,485,268,90238,217,581
"South East",0,2004,7537,6718,484,445,93688,39,819
"South East",0,2005,7189,6413,442,204,93733,238,776
"South East",0,2006,7595,6693,429,389,97143,40,902
"South East",0,2007,8301,7391,741,525,100666,216,910
"South East",0,2008,7541,6709,406,408,104121,-2,832
"South East",0,2009,6966,6204,277,280,103304,-3,762
"South East",0,2010,7812,6665,304,150,106168,154,1147
"South East",0,2011,7873,6856,529,249,107771,280,1017
"South East",0,2012,3533,3037,659,204,108540,455,496
"South East",0,2013,3647,3220,411,202,104848,209,427
"South East",1,2002,7069,6594,513,457,89990,56,475
"South East",1,2003,6812,6113,487,273,88136,214,699
"South East",1,2004,7467,6593,474,420,90995,54,874
"South East",1,2005,7020,6189,424,211,94586,213,831
"South East",1,2006,7464,6401,398,362,94815,36,1063
"South East",1,2007,7841,6865,699,476,98620,223,976
"South East",1,2008,7183,6242,389,378,101863,11,941
"South East",1,2009,7009,6067,267,272,105242,-5,942
"South East",1,2010,8010,6774,284,144,104759,140,1236
"South East",1,2011,7857,6687,496,241,107546,255,1170
"South East",1,2012,9177,7753,925,208,109896,717,1424
"South East",1,2013,8871,7502,829,197,110528,632,1369
"South East",2,2002,6924,6436,546,487,92889,59,488
"South East",2,2003,6823,6237,501,266,90997,235,586
"South East",2,2004,6711,5885,480,433,89077,47,826
"South East",2,2005,6560,5636,437,218,92142,219,924
"South East",2,2006,7076,6135,417,357,95503,60,941
"South East",2,2007,7570,6493,743,486,96198,257,1077
"South East",2,2008,7000,5996,414,386,100124,28,1004
"South East",2,2009,6464,5652,273,288,103012,-15,812
"South East",2,2010,7431,6224,307,149,106881,158,1207
"South East",2,2011,7317,6234,545,250,106298,295,1083
"South East",2,2012,8584,7171,817,218,109559,599,1413
"South East",2,2013,8456,7161,815,187,111828,628,1295
"South East",3,2002,6404,6044,480,432,96178,48,360
"South East",3,2003,6004,5549,447,249,93763,198,455
"South East",3,2004,6034,5400,434,374,91990,60,634
"South East",3,2005,5263,4676,397,189,89990,208,587
"South East",3,2006,5936,5161,369,313,92990,56,775
"South East",3,2007,6626,5781,648,430,96592,218,845
"South East",3,2008,5775,5193,365,363,96856,2,582
"South East",3,2009,5702,4839,248,258,101480,-10,863
"South East",3,2010,6507,5455,275,146,104574,129,1052
"South East",3,2011,6658,5546,468,242,108495,226,1112
"South East",3,2012,7389,6273,791,265,107962,526,1116
"South East",3,2013,7141,6186,684,253,110968,431,955
"South East",4,2002,5724,5397,483,453,97304,30,327
"South East",4,2003,5680,5300,451,257,97149,194,380
"South East",4,2004,5479,5042,435,385,94627,50,437
"South East",4,2005,4929,4523,371,206,92772,165,406
"South East",4,2006,4929,4408,366,319,90630,47,521
"South East",4,2007,5683,5010,647,446,93836,201,673
"South East",4,2008,5156,4582,362,350,97153,12,574
"South East",4,2009,4800,4190,242,268,97530,-26,610
"South East",4,2010,5458,4682,272,158,102825,114,776
"South East",4,2011,5458,4761,464,248,105898,216,697
"South East",4,2012,6224,5362,642,261,109753,381,862
"South East",4,2013,6363,5421,664,219,109359,445,942
"South East",5,2002,5041,4812,417,321,98711,96,229
"South East",5,2003,4899,4591,366,184,98214,182,308
"South East",5,2004,4826,4507,516,357,98111,159,319
"South East",5,2005,4227,3879,158,291,95152,-133,348
"South East",5,2006,4329,3824,175,220,93480,-45,505
"South East",5,2007,4566,3941,516,385,91438,131,625
"South East",5,2008,4270,3770,324,267,94293,57,500
"South East",5,2009,3989,3514,374,203,97806,171,475
"South East",5,2010,4180,3707,342,192,98246,150,473
"South East",5,2011,4223,3693,253,250,103804,3,530
"South East",5,2012,4808,4140,651,250,106981,401,668
"South East",5,2013,4806,4203,614,184,110800,430,603
"South East",6,2002,4472,4255,384,307,98513,77,217
"South East",6,2003,4474,4258,324,164,99466,160,216
"South East",6,2004,4501,4210,467,347,99040,120,291
"South East",6,2005,4036,3758,140,262,98589,-122,278
"South East",6,2006,4022,3563,168,206,95849,-38,459
"South East",6,2007,4140,3757,480,339,94200,141,383
"South East",6,2008,3624,3257,308,230,91962,78,367
"South East",6,2009,3493,3090,355,198,94847,157,403
"South East",6,2010,3839,3314,314,175,98494,139,525
"South East",6,2011,3806,3327,230,231,98775,-1,479
"South East",6,2012,4182,3793,590,225,104569,365,389
"South East",6,2013,4210,3664,550,189,107901,361,546
"South East",7,2002,4263,4195,382,301,99327,81,68
"South East",7,2003,4289,4103,334,142,99361,192,186
"South East",7,2004,4393,4039,484,323,100487,161,354
"South East",7,2005,4111,3733,142,246,99713,-104,378
"South East",7,2006,4068,3731,165,212,99228,-47,337
"South East",7,2007,4104,3672,460,336,96698,124,432
"South East",7,2008,3602,3166,294,242,94961,52,436
"South East",7,2009,3227,2927,340,194,92512,146,300
"South East",7,2010,3603,3195,319,171,95432,148,408
"South East",7,2011,3498,3136,230,226,98799,4,362
"South East",7,2012,3946,3520,536,145,99609,391,426
"South East",7,2013,3900,3419,530,159,105436,371,481
"South East",8,2002,4359,4158,402,311,102065,91,201
"South East",8,2003,4323,4126,333,154,100091,179,197
"South East",8,2004,4164,3980,466,321,100150,145,184
"South East",8,2005,4048,3676,146,266,101072,-120,372
"South East",8,2006,3954,3489,164,214,100501,-50,465
"South East",8,2007,4224,3795,470,366,100154,104,429
"South East",8,2008,3625,3287,306,244,97438,62,338
"South East",8,2009,3337,2906,350,196,95791,154,431
"South East",8,2010,3336,2933,307,175,93179,132,403
"South East",8,2011,3349,2990,231,219,95766,12,359
"South East",8,2012,3949,3460,491,122,99670,369,489
"South East",8,2013,3796,3355,513,108,100461,405,441
"South East",9,2002,4347,4141,357,298,102557,59,206
"South East",9,2003,4433,4146,305,159,102906,146,287
"South East",9,2004,4279,3992,442,334,100876,108,287
"South East",9,2005,3850,3478,128,242,100830,-114,372
"South East",9,2006,3947,3499,162,204,101879,-42,448
"South East",9,2007,4124,3649,454,340,101442,114,475
"South East",9,2008,3688,3268,282,222,100980,60,420
"South East",9,2009,3343,2884,331,193,98342,138,459
"South East",9,2010,3316,2893,309,171,96626,138,423
"South East",9,2011,3169,2770,224,214,93646,10,399
"South East",9,2012,3667,3286,470,97,96536,373,381
"South East",9,2013,3693,3290,487,98,100471,389,403
"South East",10,2002,4222,4115,512,260,105201,252,107
"South East",10,2003,3981,3939,518,193,103068,325,42
"South East",10,2004,4169,3969,271,422,103454,-151,200
"South East",10,2005,3724,3461,302,233,101500,69,263
"South East",10,2006,3786,3366,392,383,101649,9,420
"South East",10,2007,3997,3593,402,270,102870,132,404
"South East",10,2008,3578,3345,201,302,101921,-101,233
"South East",10,2009,3166,2871,230,232,101649,-2,295
"South East",10,2010,3284,2907,248,90,99220,158,377
"South East",10,2011,3155,2796,164,111,97274,53,359
"South East",10,2012,3439,2982,521,90,94543,431,457
"South East",10,2013,3324,2882,485,86,97396,399,442
"South East",11,2002,4171,3975,487,264,106520,223,196
"South East",11,2003,4180,4028,485,187,105773,298,152
"South East",11,2004,4072,3908,260,389,103491,-129,164
"South East",11,2005,3709,3483,285,219,104199,66,226
"South East",11,2006,3777,3353,372,360,102351,12,424
"South East",11,2007,3907,3492,384,260,102573,124,415
"South East",11,2008,3723,3252,196,280,103637,-84,471
"South East",11,2009,3261,2894,221,220,102728,1,367
"South East",11,2010,3246,2856,245,96,102646,149,390
"South East",11,2011,3136,2811,154,115,99896,39,325
"South East",11,2012,3378,3021,528,91,98074,437,357
"South East",11,2013,3154,2836,508,64,95312,444,318
"South East",12,2002,4554,4120,499,267,104852,232,434
"South East",12,2003,4398,4040,515,193,107380,322,358
"South East",12,2004,4561,4129,255,403,106189,-148,432
"South East",12,2005,4162,3722,291,223,104203,68,440
"South East",12,2006,4145,3502,360,367,105221,-7,643
"South East",12,2007,4014,3517,378,255,103307,123,497
"South East",12,2008,3791,3392,185,283,103254,-98,399
"South East",12,2009,3542,3034,231,226,104567,5,508
"South East",12,2010,3572,3069,245,87,103790,158,503
"South East",12,2011,3440,3011,154,100,103449,54,429
"South East",12,2012,3657,3233,519,86,100765,433,424
"South East",12,2013,3515,3034,529,86,99009,443,481
"South East",13,2002,3893,3742,476,257,103864,219,151
"South East",13,2003,3887,3881,538,189,105308,349,6
"South East",13,2004,3945,3816,248,374,107586,-126,129
"South East",13,2005,3764,3491,274,208,106646,66,273
"South East",13,2006,3647,3534,342,347,104585,-5,113
"South East",13,2007,3773,3510,367,247,106078,120,263
"South East",13,2008,3255,3156,178,260,103753,-82,99
"South East",13,2009,3036,2852,221,212,103887,9,184
"South East",13,2010,3227,3050,233,79,105350,154,177
"South East",13,2011,3076,2901,144,97,104430,47,175
"South East",13,2012,3270,3116,540,78,104064,462,154
"South East",13,2013,3119,3022,509,59,101314,450,97
"South East",14,2002,4805,4742,456,268,103715,188,63
"South East",14,2003,4876,4901,587,180,104148,407,-25
"South East",14,2004,4865,4756,250,376,105370,-126,109
"South East",14,2005,4761,4805,274,220,107719,54,-44
"South East",14,2006,4781,4650,338,352,106881,-14,131
"South East",14,2007,4753,4630,368,247,105063,121,123
"South East",14,2008,4379,4237,184,268,106552,-84,142
"South East",14,2009,4440,4104,218,213,104470,5,336
"South East",14,2010,4360,4077,232,90,104730,142,283
"South East",14,2011,4278,3972,149,107,106127,42,306
"South East",14,2012,4635,4324,573,102,105212,471,311
"South East",14,2013,4276,4042,546,105,104751,441,234
"South East",15,2002,3096,3062,791,386,100150,405,34
"South East",15,2003,3375,3363,1114,236,104050,878,12
"South East",15,2004,3351,3217,977,261,104528,716,134
"South East",15,2005,3052,3029,945,148,106013,797,23
"South East",15,2006,3204,3082,967,271,108558,696,122
"South East",15,2007,3286,3165,883,201,107573,682,121
"South East",15,2008,3007,2882,882,353,105759,529,125
"South East",15,2009,2845,2681,911,235,107646,676,164
"South East",15,2010,2908,2748,799,185,105447,614,160
"South East",15,2011,2659,2489,779,167,105776,612,170
"South East",15,2012,3004,2841,585,164,106703,421,163
"South East",15,2013,2905,2832,551,143,105703,408,73
"South East",16,2002,2999,3003,856,418,99378,438,-4
"South East",16,2003,3177,3164,1185,222,100490,963,13
"South East",16,2004,3315,3307,1032,291,104483,741,8
"South East",16,2005,3287,3159,1014,152,105338,862,128
"South East",16,2006,3135,3098,1022,297,106622,725,37
"South East",16,2007,3409,3312,951,210,109559,741,97
"South East",16,2008,3162,3101,959,377,108244,582,61
"South East",16,2009,2997,2944,979,253,106724,726,53
"South East",16,2010,3173,2948,854,203,108834,651,225
"South East",16,2011,2841,2770,839,172,106542,667,71
"South East",16,2012,2927,2813,753,346,106309,407,114
"South East",16,2013,2961,2908,683,297,107101,386,53
"South East",17,2002,4753,4646,1090,524,101024,566,107
"South East",17,2003,4554,4727,1515,294,100397,1221,-173
"South East",17,2004,4557,4338,1367,384,101654,983,219
"South East",17,2005,4597,4520,1340,231,105596,1109,77
"South East",17,2006,4647,4522,1340,395,106474,945,125
"South East",17,2007,4776,4677,1238,259,108035,979,99
"South East",17,2008,4590,4417,1278,502,110822,776,173
"South East",17,2009,4388,4224,1325,369,109710,956,164
"South East",17,2010,4407,4185,1152,301,108077,851,222
"South East",17,2011,4039,3872,1154,265,110506,889,167
"South East",17,2012,4389,4185,1004,512,107410,492,204
"South East",17,2013,4169,4014,981,441,106988,540,155
"South East",18,2002,7319,8129,1611,759,97527,852,-810
"South East",18,2003,7694,8281,2096,419,101785,1677,-587
"South East",18,2004,7561,8123,2130,581,101149,1549,-562
"South East",18,2005,7394,8225,2180,372,102111,1808,-831
"South East",18,2006,8049,8974,2131,678,105749,1453,-925
"South East",18,2007,7954,8577,2041,443,107220,1598,-623
"South East",18,2008,7657,8142,2096,783,108896,1313,-485
"South East",18,2009,8007,8474,2172,598,112097,1574,-467
"South East",18,2010,7813,8474,1837,473,110353,1364,-661
"South East",18,2011,7577,8258,1870,400,109142,1470,-681
"South East",18,2012,8226,9010,1430,800,110343,630,-784
"South East",18,2013,7328,7959,1283,671,107348,612,-631
"South East",19,2002,20734,24877,2248,1074,92812,1174,-4143
"South East",19,2003,21791,25462,2868,631,95562,2237,-3671
"South East",19,2004,22360,25726,3099,846,100016,2253,-3366
"South East",19,2005,22391,26457,3290,596,99118,2694,-4066
"South East",19,2006,23814,28046,3136,1079,99261,2057,-4232
"South East",19,2007,24289,27066,3032,734,104827,2298,-2777
"South East",19,2008,23497,26473,3095,1190,105838,1905,-2976
"South East",19,2009,23713,27625,3210,942,107207,2268,-3912
"South East",19,2010,24652,28409,2689,747,110411,1942,-3757
"South East",19,2011,24468,27972,2741,633,109085,2108,-3504
"South East",19,2012,26434,31166,2222,1103,105421,1119,-4732
"South East",19,2013,23998,27826,2081,930,107671,1151,-3828
"South East",20,2002,15865,18383,2622,2118,89774,504,-2518
"South East",20,2003,16348,19023,2617,1656,90985,961,-2675
"South East",20,2004,16553,19020,3397,1712,94044,1685,-2467
"South East",20,2005,16474,19553,3546,1309,98492,2237,-3079
"South East",20,2006,16143,18809,3733,1581,97998,2152,-2666
"South East",20,2007,15882,18006,3785,1849,98333,1936,-2124
"South East",20,2008,16615,18841,2896,1421,103493,1475,-2226
"South East",20,2009,17011,20221,2816,2316,102710,500,-3210
"South East",20,2010,16758,19809,3152,1352,105772,1800,-3051
"South East",20,2011,16677,19635,3371,1897,108831,1474,-2958
"South East",20,2012,19086,21890,2434,1521,107107,913,-2804
"South East",20,2013,16430,17558,2402,1402,105300,1000,-1128
"South East",21,2002,15264,15041,3137,2474,96191,663,223
"South East",21,2003,15314,15127,3162,1963,91453,1199,187
"South East",21,2004,14951,15095,4167,2039,92876,2128,-144
"South East",21,2005,15578,15468,4293,1562,96415,2731,110
"South East",21,2006,15419,15484,4509,1919,100532,2590,-65
"South East",21,2007,15531,15539,4629,2168,100010,2461,-8
"South East",21,2008,15805,15777,3536,1659,99627,1877,28
"South East",21,2009,16936,17268,3471,2753,103393,718,-332
"South East",21,2010,14581,14806,3929,1573,104545,2356,-225
"South East",21,2011,14059,13917,4205,2256,107765,1949,142
"South East",21,2012,15850,15486,2656,1829,110143,827,364
"South East",21,2013,15858,15197,2392,1716,108483,676,661
"South East",22,2002,16860,16797,3638,2903,97705,735,63
"South East",22,2003,17444,17119,3651,2309,98032,1342,325
"South East",22,2004,16585,16752,4837,2457,93930,2380,-167
"South East",22,2005,19245,18456,5024,1820,96936,3204,789
"South East",22,2006,18902,18775,5247,2301,99057,2946,127
"South East",22,2007,19700,19581,5375,2593,102867,2782,119
"South East",22,2008,19702,19060,4093,1966,102295,2127,642
"South East",22,2009,20638,20174,4041,3212,100347,829,464
"South East",22,2010,20884,20880,4565,1811,105741,2754,4
"South East",22,2011,19790,19928,4883,2582,106389,2301,-138
"South East",22,2012,18373,18041,3107,2161,109109,946,332
"South East",22,2013,18562,18381,2965,2107,111229,858,181
"South East",23,2002,15770,15244,3426,2743,95175,683,526
"South East",23,2003,16732,15985,3436,2207,100014,1229,747
"South East",23,2004,16564,16025,4502,2368,100826,2134,539
"South East",23,2005,17467,16829,4700,1755,97816,2945,638
"South East",23,2006,18067,17558,5033,2234,100329,2799,509
"South East",23,2007,18164,17495,5182,2431,101980,2751,669
"South East",23,2008,18028,17188,3859,1859,105196,2000,840
"South East",23,2009,18157,17580,3742,3055,103125,687,577
"South East",23,2010,18839,18568,4252,1690,102614,2562,271
"South East",23,2011,19401,18965,4511,2376,107969,2135,436
"South East",23,2012,17088,16781,3082,2383,107530,699,307
"South East",23,2013,16786,16408,3060,2300,110360,760,378
"South East",24,2002,13016,13068,3254,2622,90817,632,-52
"South East",24,2003,13829,13927,3264,2137,96665,1127,-98
"South East",24,2004,14109,14614,4246,2245,101876,2001,-505
"South East",24,2005,14583,15075,4489,1631,103575,2858,-492
"South East",24,2006,14657,14780,4846,2128,100864,2718,-123
"South East",24,2007,14868,15065,4959,2255,103006,2704,-197
"South East",24,2008,14463,14583,3678,1739,103433,1939,-120
"South East",24,2009,15070,15157,3528,2864,105398,664,-87
"South East",24,2010,14667,14782,4000,1532,105172,2468,-115
"South East",24,2011,15057,14958,4216,2153,104386,2063,99
"South East",24,2012,14106,14623,2685,2415,107630,270,-517
"South East",24,2013,13612,14020,2608,2423,107254,185,-408
"South East",25,2002,12312,12455,2927,2488,90348,439,-143
"South East",25,2003,12435,12474,3205,2246,91948,959,-39
"South East",25,2004,12546,13194,3105,2113,97343,992,-648
"South East",25,2005,13194,13769,4053,2209,103505,1844,-575
"South East",25,2006,13156,13963,3342,2184,104137,1158,-807
"South East",25,2007,13358,13871,4258,2598,102400,1660,-513
"South East",25,2008,13160,13548,3930,3385,103230,545,-388
"South East",25,2009,13151,13483,3196,3231,102611,-35,-332
"South East",25,2010,13062,13617,3345,2250,105441,1095,-555
"South East",25,2011,12815,13233,3412,2676,105093,736,-418
"South East",25,2012,12953,13271,2511,2340,104211,171,-318
"South East",25,2013,12508,13107,2450,2284,107237,166,-599
"South East",26,2002,12241,12243,2801,2331,91816,470,-2
"South East",26,2003,11982,12166,3058,2069,91329,989,-184
"South East",26,2004,11840,12082,2981,2003,92621,978,-242
"South East",26,2005,12427,12608,3897,2095,99193,1802,-181
"South East",26,2006,12805,13097,3215,2055,104596,1160,-292
"South East",26,2007,13010,13241,4062,2401,105651,1661,-231
"South East",26,2008,12371,12659,3786,3144,102957,642,-288
"South East",26,2009,12494,12625,3066,2992,103122,74,-131
"South East",26,2010,12050,12200,3183,2038,103080,1145,-150
"South East",26,2011,11957,12100,3257,2474,105509,783,-143
"South East",26,2012,11824,12056,2285,2276,104929,9,-232
"South East",26,2013,11692,11991,2203,2141,103950,62,-299
"South East",27,2002,12653,12406,2561,2035,95895,526,247
"South East",27,2003,12149,11918,2819,1784,93304,1035,231
"South East",27,2004,11594,11545,2690,1730,92619,960,49
"South East",27,2005,11537,11601,3532,1797,94521,1735,-64
"South East",27,2006,12018,12008,2942,1804,100813,1138,10
"South East",27,2007,12724,12689,3737,2062,106702,1675,35
"South East",27,2008,12149,12423,3445,2717,106411,728,-274
"South East",27,2009,11856,11802,2789,2645,103601,144,54
"South East",27,2010,11676,11596,2913,1828,104432,1085,80
"South East",27,2011,11286,11343,2996,2228,103412,768,-57
"South East",27,2012,11900,11752,2124,2231,105607,-107,148
"South East",27,2013,11284,11214,1934,1889,105060,45,70
"South East",28,2002,12627,12244,2580,1994,99743,586,383
"South East",28,2003,12468,12167,2792,1721,97524,1071,301
"South East",28,2004,11785,11571,2655,1644,94723,1011,214
"South East",28,2005,11406,11460,3487,1707,94751,1780,-54
"South East",28,2006,11202,11152,2895,1716,96012,1179,50
"South East",28,2007,12238,12132,3694,1964,103080,1730,106
"South East",28,2008,12001,11779,3426,2601,108211,825,222
"South East",28,2009,11529,11317,2762,2543,107165,219,212
"South East",28,2010,11341,11023,2888,1759,105526,1129,318
"South East",28,2011,11135,10680,2961,2145,105959,816,455
"South East",28,2012,11584,11178,1754,2010,103624,-256,406
"South East",28,2013,11424,11187,1743,1847,105734,-104,237
"South East",29,2002,12752,12168,2406,1802,106742,604,584
"South East",29,2003,12736,11871,2601,1553,101858,1048,865
"South East",29,2004,11830,11567,2459,1473,99037,986,263
"South East",29,2005,11279,10824,3212,1573,97105,1639,455
"South East",29,2006,10842,10512,2698,1532,96553,1166,330
"South East",29,2007,11263,10842,3434,1750,98250,1684,421
"South East",29,2008,11431,10947,3168,2321,104845,847,484
"South East",29,2009,11216,10882,2564,2283,109186,281,334
"South East",29,2010,11268,10758,2679,1568,109008,1111,510
"South East",29,2011,10827,10274,2776,1919,107373,857,553
"South East",29,2012,11877,11128,1686,1908,106414,-222,749
"South East",29,2013,10979,10359,1660,1571,104272,89,620
"South East",30,2002,12637,11884,1805,1962,112034,-157,753
"South East",30,2003,12519,11564,1897,1367,108271,530,955
"South East",30,2004,12045,11138,2081,2143,102811,-62,907
"South East",30,2005,11287,10713,2415,1343,100991,1072,574
"South East",30,2006,10837,10120,2447,1632,98799,815,717
"South East",30,2007,11077,10482,2206,1994,97599,212,595
"South East",30,2008,10386,9786,2596,1670,99953,926,600
"South East",30,2009,10848,10171,2428,2040,106309,388,677
"South East",30,2010,11033,10097,1830,1417,110856,413,936
"South East",30,2011,10882,10048,1842,1846,110142,-4,834
"South East",30,2012,11480,10497,1426,1705,108068,-279,983
"South East",30,2013,11221,10279,1474,1484,107374,-10,942
"South East",31,2002,12642,11847,1633,1777,115697,-144,795
"South East",31,2003,12461,11528,1702,1230,113337,472,933
"South East",31,2004,12096,11164,1849,1888,109259,-39,932
"South East",31,2005,11226,10551,2146,1212,104581,934,675
"South East",31,2006,11049,10245,2175,1459,102655,716,804
"South East",31,2007,11011,10081,1984,1802,100038,182,930
"South East",31,2008,10232,9357,2338,1514,99544,824,875
"South East",31,2009,9784,8908,2192,1836,101263,356,876
"South East",31,2010,10254,9587,1648,1308,107644,340,667
"South East",31,2011,10615,9746,1668,1650,112101,18,869
"South East",31,2012,11519,10492,1427,1485,111155,-58,1027
"South East",31,2013,10644,9771,1374,1324,108991,50,873
"South East",32,2002,11465,10667,1563,1692,115121,-129,798
"South East",32,2003,12018,11017,1614,1201,117409,413,1001
"South East",32,2004,11906,10850,1749,1783,114428,-34,1056
"South East",32,2005,10807,9948,2033,1143,111246,890,859
"South East",32,2006,10836,9689,2061,1350,106647,711,1147
"South East",32,2007,11037,9776,1873,1709,104367,164,1261
"South East",32,2008,9976,8769,2191,1384,102284,807,1207
"South East",32,2009,9204,8232,2061,1652,101283,409,972
"South East",32,2010,9519,8333,1563,1224,103073,339,1186
"South East",32,2011,9897,8733,1570,1558,109269,12,1164
"South East",32,2012,10951,9761,1164,1400,113147,-236,1190
"South East",32,2013,10920,9652,1225,1244,112260,-19,1268
"South East",33,2002,10968,10083,1407,1543,119977,-136,885
"South East",33,2003,11015,10033,1467,1078,116612,389,982
"South East",33,2004,11517,10537,1584,1604,118615,-20,980
"South East",33,2005,10681,9752,1824,1032,116225,792,929
"South East",33,2006,10407,9447,1856,1199,113075,657,960
"South East",33,2007,10652,9540,1703,1534,108155,169,1112
"South East",33,2008,9688,8552,1995,1260,106526,735,1136
"South East",33,2009,8808,7853,1864,1492,103862,372,955
"South East",33,2010,9045,7810,1425,1128,103150,297,1235
"South East",33,2011,8887,7772,1431,1409,104433,22,1115
"South East",33,2012,10489,9123,1080,1302,110363,-222,1366
"South East",33,2013,10292,8978,1026,1222,114236,-196,1314
"South East",34,2002,10340,9518,1376,1503,122755,-127,822
"South East",34,2003,10521,9648,1429,1052,121057,377,873
"South East",34,2004,10242,9319,1538,1554,117324,-16,923
"South East",34,2005,10130,9425,1756,1001,120117,755,705
"South East",34,2006,10172,9019,1799,1149,117890,650,1153
"South East",34,2007,10308,9124,1641,1477,114409,164,1184
"South East",34,2008,9320,8275,1955,1227,109964,728,1045
"South East",34,2009,8265,7311,1833,1436,108006,397,954
"South East",34,2010,8451,7387,1387,1104,105315,283,1064
"South East",34,2011,8448,7395,1397,1357,104472,40,1053
"South East",34,2012,9286,8031,959,1195,105423,-236,1255
"South East",34,2013,9716,8213,982,1036,111746,-54,1503
"South East",35,2002,9694,8882,1327,1078,127422,249,812
"South East",35,2003,9782,9047,1630,1201,123764,429,735
"South East",35,2004,9831,8998,1336,959,122152,377,833
"South East",35,2005,9235,8273,1705,1011,118965,694,962
"South East",35,2006,9811,8696,1797,1257,122047,540,1115
"South East",35,2007,10112,8942,1822,1116,119787,706,1170
"South East",35,2008,9050,7812,1569,1212,116057,357,1238
"South East",35,2009,8103,7030,1454,1259,111370,195,1073
"South East",35,2010,8212,7166,1214,1013,109495,201,1046
"South East",35,2011,7871,6734,1165,1438,106371,-273,1137
"South East",35,2012,8774,7380,886,1147,105549,-261,1394
"South East",35,2013,8423,7131,892,949,106643,-57,1292
"South East",36,2002,9154,8400,1256,1022,129415,234,754
"South East",36,2003,9334,8490,1530,1110,128378,420,844
"South East",36,2004,9208,8395,1250,879,124671,371,813
"South East",36,2005,8786,8018,1597,936,123479,661,768
"South East",36,2006,8702,7761,1668,1171,120299,497,941
"South East",36,2007,9810,8650,1667,1024,123880,643,1160
"South East",36,2008,8524,7465,1442,1132,120965,310,1059
"South East",36,2009,7618,6785,1343,1194,117089,149,833
"South East",36,2010,7982,6905,1121,942,112749,179,1077
"South East",36,2011,7636,6573,1072,1323,110453,-251,1063
"South East",36,2012,8002,6923,911,1045,107291,-134,1079
"South East",36,2013,7936,6685,818,872,106648,-54,1251
"South East",37,2002,8530,7992,1193,988,130708,205,538
"South East",37,2003,8651,7935,1447,1080,130269,367,716
"South East",37,2004,8592,7895,1186,853,129246,333,697
"South East",37,2005,8125,7417,1509,896,125991,613,708
"South East",37,2006,8297,7398,1559,1122,124846,437,899
"South East",37,2007,8723,7693,1583,1006,121918,577,1030
"South East",37,2008,8252,7198,1370,1093,125406,277,1054
"South East",37,2009,7383,6535,1252,1153,121959,99,848
"South East",37,2010,7627,6479,1040,916,118543,124,1148
"South East",37,2011,7417,6386,1015,1274,113746,-259,1031
"South East",37,2012,8008,6633,834,1014,111590,-180,1375
"South East",37,2013,7243,6254,743,865,108070,-122,989
"South East",38,2002,8103,7453,1144,954,130402,190,650
"South East",38,2003,7960,7459,1390,1012,131308,378,501
"South East",38,2004,7937,7253,1136,831,130912,305,684
"South East",38,2005,7668,6873,1430,867,130369,563,795
"South East",38,2006,7781,6896,1495,1062,127189,433,885
"South East",38,2007,8304,7389,1511,953,126174,558,915
"South East",38,2008,7473,6592,1322,1065,123000,257,881
"South East",38,2009,6826,6006,1229,1116,126513,113,820
"South East",38,2010,7533,6465,1021,881,123087,140,1068
"South East",38,2011,7143,6083,979,1221,119444,-242,1060
"South East",38,2012,7513,6496,756,890,114661,-134,1017
"South East",38,2013,7136,6055,724,687,112620,37,1081
"South East",39,2002,7170,6641,1025,858,128398,167,529
"South East",39,2003,7421,6970,1248,895,131100,353,451
"South East",39,2004,7627,7044,1008,715,132017,293,583
"South East",39,2005,7260,6583,1274,748,131873,526,677
"South East",39,2006,7429,6690,1330,945,131402,385,739
"South East",39,2007,7799,6859,1345,839,128566,506,940
"South East",39,2008,7047,6356,1165,956,127095,209,691
"South East",39,2009,6338,5653,1085,977,123813,108,685
"South East",39,2010,6935,6007,899,775,127802,124,928
"South East",39,2011,6619,5866,858,1076,123699,-218,753
"South East",39,2012,7114,6277,725,847,120156,-122,837
"South East",39,2013,6809,5939,720,676,115390,44,870
"South East",40,2002,6528,6197,1134,960,124606,174,331
"South East",40,2003,6759,6431,828,996,128438,-168,328
"South East",40,2004,7229,6697,829,1047,131251,-218,532
"South East",40,2005,6823,6193,1143,657,132910,486,630
"South East",40,2006,6853,6058,1116,1154,132348,-38,795
"South East",40,2007,7422,6499,1355,1070,132279,285,923
"South East",40,2008,6657,5958,1073,1351,128816,-278,699
"South East",40,2009,6042,5386,1182,979,127835,203,656
"South East",40,2010,6334,5538,980,1066,124475,-86,796
"South East",40,2011,6483,5688,530,1029,128269,-499,795
"South East",40,2012,6748,5907,714,804,124394,-90,841
"South East",40,2013,6804,5771,637,631,121056,6,1033
"South East",41,2002,5879,5583,1042,879,122015,163,296
"South East",41,2003,6029,5716,760,907,124666,-147,313
"South East",41,2004,6383,5909,719,926,128550,-207,474
"South East",41,2005,6202,5772,1039,601,131911,438,430
"South East",41,2006,6307,5850,993,1060,133059,-67,457
"South East",41,2007,6855,6204,1202,956,132876,246,651
"South East",41,2008,6198,5693,949,1214,132264,-265,505
"South East",41,2009,5671,5170,1064,875,129291,189,501
"South East",41,2010,5958,5283,873,946,128358,-73,675
"South East",41,2011,5695,4982,482,916,124687,-434,713
"South East",41,2012,6438,5782,653,765,128681,-112,656
"South East",41,2013,6256,5523,605,554,125046,51,733
"South East",42,2002,5422,5192,935,802,117720,133,230
"South East",42,2003,5582,5324,690,777,122108,-87,258
"South East",42,2004,5833,5472,644,792,124906,-148,361
"South East",42,2005,5673,5270,945,544,129234,401,403
"South East",42,2006,6083,5409,908,933,132475,-25,674
"South East",42,2007,6465,5805,1087,869,133748,218,660
"South East",42,2008,5890,5361,842,1078,132929,-236,529
"South East",42,2009,5416,4772,962,806,132905,156,644
"South East",42,2010,5613,5175,785,864,129642,-79,438
"South East",42,2011,5440,4856,442,808,128620,-366,584
"South East",42,2012,5865,5253,640,660,125209,-20,612
"South East",42,2013,5959,5318,638,589,129250,49,641
"South East",43,2002,4927,4859,885,714,116145,171,68
"South East",43,2003,4883,4742,646,723,117589,-77,141
"South East",43,2004,5497,5225,607,723,122005,-116,272
"South East",43,2005,5236,4882,860,498,125471,362,354
"South East",43,2006,5438,4995,823,847,129397,-24,443
"South East",43,2007,6047,5523,993,775,132864,218,524
"South East",43,2008,5521,4943,785,1006,133757,-221,578
"South East",43,2009,4990,4711,874,734,132924,140,279
"South East",43,2010,5329,4807,733,775,133100,-42,522
"South East",43,2011,5197,4643,401,746,129639,-345,554
"South East",43,2012,5497,5113,586,604,128817,-18,384
"South East",43,2013,5455,4864,568,504,125686,64,591
"South East",44,2002,4627,4422,790,686,113955,104,205
"South East",44,2003,4597,4473,597,667,116015,-70,124
"South East",44,2004,4792,4612,536,652,117501,-116,180
"South East",44,2005,4820,4606,763,446,122334,317,214
"South East",44,2006,5053,4720,738,782,125603,-44,333
"South East",44,2007,5643,5152,893,693,129822,200,491
"South East",44,2008,5300,4958,696,897,132725,-201,342
"South East",44,2009,4735,4321,791,655,134004,136,414
"South East",44,2010,4975,4533,651,705,132910,-54,442
"South East",44,2011,4973,4592,361,669,132874,-308,381
"South East",44,2012,5325,4898,563,562,130002,1,427
"South East",44,2013,5214,4745,538,535,129103,3,469
"South East",45,2002,4220,4252,472,1187,109522,-715,-32
"South East",45,2003,4359,4180,505,348,113992,157,179
"South East",45,2004,4466,4363,611,660,115835,-49,103
"South East",45,2005,4545,4248,597,571,117680,26,297
"South East",45,2006,4784,4395,472,383,122591,89,389
"South East",45,2007,5241,4825,512,852,125550,-340,416
"South East",45,2008,4996,4609,632,584,130023,48,387
"South East",45,2009,4667,4222,807,804,132888,3,445
"South East",45,2010,4803,4518,535,417,134123,118,285
"South East",45,2011,4639,4360,480,547,132769,-67,279
"South East",45,2012,5252,4861,540,515,133116,25,391
"South East",45,2013,4953,4644,500,412,130194,88,309
"South East",46,2002,3870,3757,424,1071,105378,-647,113
"South East",46,2003,3976,4047,451,302,109374,149,-71
"South East",46,2004,4223,4199,552,594,113648,-42,24
"South East",46,2005,4235,4039,527,510,115820,17,196
"South East",46,2006,4256,3970,424,355,117822,69,286
"South East",46,2007,4878,4617,450,776,122251,-326,261
"South East",46,2008,4735,4411,562,521,125726,41,324
"South East",46,2009,4333,3883,731,729,130180,2,450
"South East",46,2010,4599,4236,478,385,133040,93,363
"South East",46,2011,4455,4158,428,486,134066,-58,297
"South East",46,2012,4976,4622,518,484,132978,34,354
"South East",46,2013,4931,4642,457,423,133219,34,289
"South East",47,2002,3637,3562,373,956,103706,-583,75
"South East",47,2003,3801,3758,394,267,105295,127,43
"South East",47,2004,3992,3921,488,537,109129,-49,71
"South East",47,2005,3884,3671,457,468,113519,-11,213
"South East",47,2006,3924,3821,371,299,115740,72,103
"South East",47,2007,4388,4130,405,692,117527,-287,258
"South East",47,2008,4261,4028,493,473,122216,20,233
"South East",47,2009,4014,3757,666,659,125809,7,257
"South East",47,2010,4265,4029,432,332,130209,100,236
"South East",47,2011,4228,3996,389,444,132894,-55,232
"South East",47,2012,4901,4520,456,437,134276,19,381
"South East",47,2013,4486,4300,434,339,133039,95,186
"South East",48,2002,3571,3647,369,917,103628,-548,-76
"South East",48,2003,3508,3572,394,267,103438,127,-64
"South East",48,2004,3672,3643,469,530,105025,-61,29
"South East",48,2005,3612,3657,449,447,108804,2,-45
"South East",48,2006,3923,3695,360,287,113480,73,228
"South East",48,2007,4196,3925,393,668,115452,-275,271
"South East",48,2008,4035,3815,478,457,117564,21,220
"South East",48,2009,3751,3455,627,615,122256,12,296
"South East",48,2010,3939,3793,414,307,125919,107,146
"South East",48,2011,3988,3857,371,433,129981,-62,131
"South East",48,2012,4495,4244,439,434,132907,5,251
"South East",48,2013,4450,4169,475,340,134433,135,281
"South East",49,2002,3559,3576,359,870,102451,-511,-17
"South East",49,2003,3424,3536,365,254,103248,111,-112
"South East",49,2004,3627,3677,444,492,102960,-48,-50
"South East",49,2005,3514,3442,426,415,104879,11,72
"South East",49,2006,3573,3412,349,283,108745,66,161
"South East",49,2007,4021,3937,378,615,112978,-237,84
"South East",49,2008,3826,3713,458,436,115314,22,113
"South East",49,2009,3478,3332,601,576,117486,25,146
"South East",49,2010,3851,3789,405,286,122105,119,62
"South East",49,2011,3861,3722,356,400,125842,-44,139
"South East",49,2012,4398,4264,402,406,129863,-4,134
"South East",49,2013,4430,4242,400,297,132940,103,188
"South East",50,2002,3342,3540,266,316,101543,-50,-198
"South East",50,2003,3381,3547,398,468,101946,-70,-166
"South East",50,2004,3448,3606,172,386,102480,-214,-158
"South East",50,2005,3212,3278,459,361,102632,98,-66
"South East",50,2006,3427,3262,373,484,104654,-111,165
"South East",50,2007,3811,3673,269,331,108501,-62,138
"South East",50,2008,3583,3508,510,351,112787,159,75
"South East",50,2009,3227,3163,373,342,115075,31,64
"South East",50,2010,3666,3528,170,211,117276,-41,138
"South East",50,2011,3732,3689,418,420,121834,-2,43
"South East",50,2012,4208,4006,403,383,125795,20,202
"South East",50,2013,4166,4142,397,284,129709,113,24
"South East",51,2002,3198,3279,289,350,101709,-61,-81
"South East",51,2003,3196,3291,389,503,100811,-114,-95
"South East",51,2004,3275,3397,185,388,101281,-203,-122
"South East",51,2005,3164,3136,461,372,102148,89,28
"South East",51,2006,3323,3158,383,504,102263,-121,165
"South East",51,2007,3714,3636,283,348,104337,-65,78
"South East",51,2008,3462,3352,526,365,108382,161,110
"South East",51,2009,3174,3143,391,359,112382,32,31
"South East",51,2010,3510,3370,174,221,114823,-47,140
"South East",51,2011,3326,3287,420,448,116933,-28,39
"South East",51,2012,3975,3848,412,367,121759,45,127
"South East",51,2013,3953,3858,366,308,125682,58,95
"South East",52,2002,3371,3577,275,319,105337,-44,-206
"South East",52,2003,3191,3344,387,472,101128,-85,-153
"South East",52,2004,3247,3328,170,368,100072,-198,-81
"South East",52,2005,3067,3066,439,352,101070,87,1
"South East",52,2006,3144,3187,372,469,101605,-97,-43
"South East",52,2007,3480,3535,271,338,101708,-67,-55
"South East",52,2008,3276,3154,497,353,104300,144,122
"South East",52,2009,2932,2877,378,339,108157,39,55
"South East",52,2010,3171,3138,169,206,111970,-37,33
"South East",52,2011,3390,3296,399,423,114525,-24,94
"South East",52,2012,3553,3482,375,353,116748,22,71
"South East",52,2013,3796,3608,402,305,121706,97,188
"South East",53,2002,3238,3410,277,351,109233,-74,-172
"South East",53,2003,3110,3412,389,470,104476,-81,-302
"South East",53,2004,3133,3288,166,383,100367,-217,-155
"South East",53,2005,2856,2947,428,343,99578,85,-91
"South East",53,2006,2949,2951,364,475,100645,-111,-2
"South East",53,2007,3408,3343,273,334,101121,-61,65
"South East",53,2008,3050,3011,507,343,101442,164,39
"South East",53,2009,2809,2724,368,358,104026,10,85
"South East",53,2010,3029,3045,170,210,107746,-40,-16
"South East",53,2011,3063,3073,402,442,111427,-40,-10
"South East",53,2012,3594,3419,350,262,114461,88,175
"South East",53,2013,3473,3430,316,284,116504,32,43
"South East",54,2002,3534,3657,271,323,118974,-52,-123
"South East",54,2003,3242,3584,392,485,108471,-93,-342
"South East",54,2004,3206,3452,182,368,103608,-186,-246
"South East",54,2005,2855,2984,451,355,99932,96,-129
"South East",54,2006,2796,2866,363,473,98902,-110,-70
"South East",54,2007,3276,3258,267,326,100288,-59,18
"South East",54,2008,2997,3000,494,346,100823,148,-3
"South East",54,2009,2562,2477,370,346,101090,24,85
"South East",54,2010,2922,2859,167,207,103709,-40,63
"South East",54,2011,2849,2954,415,431,107248,-16,-105
"South East",54,2012,3393,3221,344,246,111386,98,172
"South East",54,2013,3384,3411,323,264,114131,59,-27
"South East",55,2002,3803,4129,257,477,127074,-220,-326
"South East",55,2003,3473,3743,194,614,117623,-420,-270
"South East",55,2004,3209,3372,346,565,107764,-219,-163
"South East",55,2005,2952,2996,230,311,103094,-81,-44
"South East",55,2006,2894,2804,216,262,99553,-46,90
"South East",55,2007,3283,3215,192,282,98307,-90,68
"South East",55,2008,2914,2867,182,501,99619,-319,47
"South East",55,2009,2593,2550,230,140,100447,90,43
"South East",55,2010,2831,2709,253,170,100818,83,122
"South East",55,2011,2716,2733,270,296,103293,-26,-17
"South East",55,2012,3234,3193,332,211,107097,121,41
"South East",55,2013,3315,3321,308,217,111094,91,-6
"South East",56,2002,2975,3255,261,485,102602,-224,-280
"South East",56,2003,3703,4008,183,599,126179,-416,-305
"South East",56,2004,3388,3683,350,561,116403,-211,-295
"South East",56,2005,2969,2997,223,314,107202,-91,-28
"South East",56,2006,2894,2911,219,259,102453,-40,-17
"South East",56,2007,3148,3092,188,285,99044,-97,56
"South East",56,2008,2800,2848,195,485,97387,-290,-48
"South East",56,2009,2442,2468,231,146,99250,85,-26
"South East",56,2010,2748,2717,245,168,99994,77,31
"South East",56,2011,2682,2693,265,295,100266,-30,-11
"South East",56,2012,2981,3001,336,200,103014,136,-20
"South East",56,2013,3087,3048,348,214,106865,134,39
"South East",57,2002,2851,3095,223,434,99167,-211,-244
"South East",57,2003,2765,3033,164,531,101350,-367,-268
"South East",57,2004,3683,3931,309,505,125438,-196,-248
"South East",57,2005,3054,3178,199,269,115481,-70,-124
"South East",57,2006,3102,3116,202,237,106716,-35,-14
"South East",57,2007,3318,3196,163,252,101899,-89,122
"South East",57,2008,2727,2788,176,433,98222,-257,-61
"South East",57,2009,2262,2172,206,130,96936,76,90
"South East",57,2010,2605,2590,218,164,98868,54,15
"South East",57,2011,2639,2673,236,269,99382,-33,-34
"South East",57,2012,2815,2825,286,189,99939,97,-10
"South East",57,2013,2874,2978,306,202,102563,104,-104
"South East",58,2002,2664,2983,199,357,96433,-158,-319
"South East",58,2003,2682,2931,150,446,97971,-296,-249
"South East",58,2004,2873,3113,265,425,100319,-160,-240
"South East",58,2005,3427,3454,182,223,125155,-41,-27
"South East",58,2006,3197,3140,175,209,114766,-34,57
"South East",58,2007,3241,3357,132,223,106037,-91,-116
"South East",58,2008,2697,2677,144,365,101162,-221,20
"South East",58,2009,2199,2109,165,110,97862,55,90
"South East",58,2010,2452,2428,186,143,96364,43,24
"South East",58,2011,2454,2449,200,232,98399,-32,5
"South East",58,2012,2882,2725,299,258,99088,41,157
"South East",58,2013,2861,2839,298,235,99516,63,22
"South East",59,2002,2464,2726,192,354,91471,-162,-262
"South East",59,2003,2736,2882,141,433,95538,-292,-146
"South East",59,2004,2785,2884,272,432,96983,-160,-99
"South East",59,2005,2549,2565,172,232,99534,-60,-16
"South East",59,2006,3323,3404,175,193,124714,-18,-81
"South East",59,2007,3448,3453,143,208,113886,-65,-5
"South East",59,2008,2831,2838,143,366,105301,-223,-7
"South East",59,2009,2261,2233,170,103,100636,67,28
"South East",59,2010,2491,2404,195,133,97463,62,87
"South East",59,2011,2430,2373,209,216,95673,-7,57
"South East",59,2012,2715,2593,273,227,98071,46,122
"South East",59,2013,2800,2758,284,226,98704,58,42
"South East",60,2002,2409,2713,181,246,81368,-65,-304
"South East",60,2003,2530,2759,136,156,90657,-20,-229
"South East",60,2004,2778,3075,158,232,94680,-74,-297
"South East",60,2005,2692,2675,421,580,96072,-159,17
"South East",60,2006,2765,2728,240,410,98640,-170,37
"South East",60,2007,3953,3933,206,882,123749,-676,20
"South East",60,2008,3253,3176,135,64,113203,71,77
"South East",60,2009,2371,2283,209,172,104906,37,88
"South East",60,2010,2491,2542,236,121,100044,115,-51
"South East",60,2011,2434,2498,190,187,96815,3,-64
"South East",60,2012,2691,2681,279,251,95211,28,10
"South East",60,2013,2668,2766,311,221,97488,90,-98
"South East",61,2002,2116,2244,170,230,74248,-60,-128
"South East",61,2003,2339,2555,134,138,80642,-4,-216
"South East",61,2004,2518,2659,154,228,89860,-74,-141
"South East",61,2005,2469,2486,412,576,93941,-164,-17
"South East",61,2006,2638,2617,223,418,95107,-195,21
"South East",61,2007,3231,3110,208,818,97384,-610,121
"South East",61,2008,3359,3348,129,62,123436,67,11
"South East",61,2009,2311,2283,192,162,112391,30,28
"South East",61,2010,2702,2677,222,120,104459,102,25
"South East",61,2011,2525,2484,177,185,99360,-8,41
"South East",61,2012,2702,2665,289,237,96316,52,37
"South East",61,2013,2592,2575,263,232,94723,31,17
"South East",62,2002,2216,2264,155,183,78296,-28,-48
"South East",62,2003,1901,2072,125,126,73314,-1,-171
"South East",62,2004,2216,2356,128,178,79839,-50,-140
"South East",62,2005,2114,2155,354,477,89075,-123,-41
"South East",62,2006,2410,2379,174,311,93298,-137,31
"South East",62,2007,2897,2726,170,651,93949,-481,171
"South East",62,2008,2519,2508,121,41,96666,80,11
"South East",62,2009,2402,2344,171,142,122957,29,58
"South East",62,2010,2846,2713,176,112,111677,64,133
"South East",62,2011,2393,2360,151,150,103859,1,33
"South East",62,2012,2610,2530,298,223,98849,75,80
"South East",62,2013,2491,2443,299,218,95779,81,48
"South East",63,2002,2050,2242,137,172,77830,-35,-192
"South East",63,2003,2068,2123,98,111,77424,-13,-55
"South East",63,2004,1880,1978,123,167,72362,-44,-98
"South East",63,2005,1949,1928,326,462,79064,-136,21
"South East",63,2006,2141,2070,158,296,88316,-138,71
"South East",63,2007,2803,2670,158,601,92378,-443,133
"South East",63,2008,2315,2280,97,45,93131,52,35
"South East",63,2009,1896,1792,156,128,95903,28,104
"South East",63,2010,2956,2830,167,97,122670,70,126
"South East",63,2011,2471,2463,140,139,110667,1,8
"South East",63,2012,2775,2677,313,190,103353,123,98
"South East",63,2013,2496,2557,293,144,98191,149,-61
"South East",64,2002,1946,2068,139,162,76762,-23,-122
"South East",64,2003,1956,2062,103,114,77002,-11,-106
"South East",64,2004,2113,2084,114,143,76605,-29,29
"South East",64,2005,1563,1504,297,420,71447,-123,59
"South East",64,2006,1882,1788,142,258,78377,-116,94
"South East",64,2007,2453,2367,148,564,87236,-416,86
"South East",64,2008,2282,2143,91,29,91908,62,139
"South East",64,2009,1704,1609,153,122,92282,31,95
"South East",64,2010,2277,2148,151,79,95216,72,129
"South East",64,2011,2724,2628,131,128,122151,3,96
"South East",64,2012,2889,2686,304,210,110076,94,203
"South East",64,2013,2568,2404,264,179,102771,85,164
"South East",65,2002,1974,2137,189,282,74339,-93,-163
"South East",65,2003,1961,2077,158,304,75643,-146,-116
"South East",65,2004,2025,2032,170,392,75934,-222,-7
"South East",65,2005,1811,1708,97,190,75732,-93,103
"South East",65,2006,1831,1738,274,644,70232,-370,93
"South East",65,2007,2245,2096,89,306,77601,-217,149
"South East",65,2008,2164,2061,437,353,86625,84,103
"South East",65,2009,1738,1641,230,236,91274,-6,97
"South East",65,2010,2154,2028,286,141,91593,145,126
"South East",65,2011,2148,2051,223,234,94363,-11,97
"South East",65,2012,3250,2986,245,178,121446,67,264
"South East",65,2013,2874,2725,243,149,109346,94,149
"South East",66,2002,1921,1941,140,219,72730,-79,-20
"South East",66,2003,1677,1735,108,245,73242,-137,-58
"South East",66,2004,1861,1868,121,303,74593,-182,-7
"South East",66,2005,1725,1619,75,166,75064,-91,106
"South East",66,2006,1813,1684,213,467,74671,-254,129
"South East",66,2007,2022,1818,60,201,69438,-141,204
"South East",66,2008,1801,1683,354,262,77051,92,118
"South East",66,2009,1515,1387,162,163,85930,-1,128
"South East",66,2010,2075,1916,218,103,90815,115,159
"South East",66,2011,1969,1864,158,169,90629,-11,105
"South East",66,2012,2357,2179,236,135,93777,101,178
"South East",66,2013,3012,2856,212,121,120603,91,156
"South East",67,2002,1579,1625,127,198,70697,-71,-46
"South East",67,2003,1561,1554,122,198,71661,-76,7
"South East",67,2004,1621,1587,116,241,72222,-125,34
"South East",67,2005,1577,1434,54,122,73762,-68,143
"South East",67,2006,1703,1573,169,469,74039,-300,130
"South East",67,2007,1909,1763,78,219,73753,-141,146
"South East",67,2008,1492,1396,295,239,68616,56,96
"South East",67,2009,1224,1151,173,185,76316,-12,73
"South East",67,2010,1764,1617,166,105,85249,61,147
"South East",67,2011,1821,1745,159,167,90052,-8,76
"South East",67,2012,2105,1911,227,100,90010,127,194
"South East",67,2013,2217,2028,199,110,93137,89,189
"South East",68,2002,1448,1505,91,140,67302,-49,-57
"South East",68,2003,1441,1494,79,139,69527,-60,-53
"South East",68,2004,1547,1489,83,187,70526,-104,58
"South East",68,2005,1403,1334,42,98,71242,-56,69
"South East",68,2006,1489,1383,127,348,72662,-221,106
"South East",68,2007,1902,1686,59,153,73211,-94,216
"South East",68,2008,1486,1381,217,171,72927,46,105
"South East",68,2009,1023,987,129,112,67662,17,36
"South East",68,2010,1459,1309,127,66,75686,61,150
"South East",68,2011,1579,1471,120,114,84463,6,108
"South East",68,2012,1926,1773,181,131,89278,50,153
"South East",68,2013,2055,1932,205,120,89169,85,123
"South East",69,2002,1433,1399,98,159,66751,-61,34
"South East",69,2003,1322,1341,80,166,66031,-86,-19
"South East",69,2004,1449,1404,101,225,68324,-124,45
"South East",69,2005,1361,1168,52,108,69533,-56,193
"South East",69,2006,1438,1332,158,390,70051,-232,106
"South East",69,2007,1701,1537,56,167,71669,-111,164
"South East",69,2008,1457,1304,245,194,72389,51,153
"South East",69,2009,1110,1012,136,139,71994,-3,98
"South East",69,2010,1219,1082,144,74,66837,70,137
"South East",69,2011,1284,1230,134,126,74873,8,54
"South East",69,2012,1835,1664,157,121,83623,36,171
"South East",69,2013,1937,1770,191,107,88416,84,167
"South East",70,2002,1324,1338,81,125,67270,-44,-14
"South East",70,2003,1233,1204,94,116,65483,-22,29
"South East",70,2004,1363,1329,81,136,64778,-55,34
"South East",70,2005,1165,1051,28,71,67249,-43,114
"South East",70,2006,1399,1243,105,279,68392,-174,156
"South East",70,2007,1527,1381,60,139,69041,-79,146
"South East",70,2008,1353,1206,189,117,70794,72,147
"South East",70,2009,1025,958,131,106,71441,25,67
"South East",70,2010,1336,1230,121,61,71039,60,106
"South East",70,2011,1191,1031,134,114,65900,20,160
"South East",70,2012,1466,1318,154,115,74045,39,148
"South East",70,2013,1660,1514,138,118,82600,20,146
"South East",71,2002,1321,1259,98,146,66894,-48,62
"South East",71,2003,1294,1229,99,160,65981,-61,65
"South East",71,2004,1336,1230,88,154,64219,-66,106
"South East",71,2005,1172,973,38,78,63635,-40,199
"South East",71,2006,1226,1052,110,276,66039,-166,174
"South East",71,2007,1420,1342,52,127,67265,-75,78
"South East",71,2008,1259,1153,214,149,68024,65,106
"South East",71,2009,987,880,144,114,69802,30,107
"South East",71,2010,1252,1070,135,65,70569,70,182
"South East",71,2011,1155,1054,141,117,69944,24,101
"South East",71,2012,1213,1058,181,97,65133,84,155
"South East",71,2013,1457,1327,150,96,73157,54,130
"South East",72,2002,1295,1273,90,164,64600,-74,22
"South East",72,2003,1238,1162,74,179,65389,-105,76
"South East",72,2004,1148,1130,80,188,64417,-108,18
"South East",72,2005,1103,956,40,99,62944,-59,147
"South East",72,2006,1137,975,129,256,62332,-127,162
"South East",72,2007,1306,1198,32,112,64837,-80,108
"South East",72,2008,1226,1120,210,160,66127,50,106
"South East",72,2009,936,772,126,110,66940,16,164
"South East",72,2010,1153,974,143,74,68820,69,179
"South East",72,2011,1066,988,122,133,69393,-11,78
"South East",72,2012,1351,1158,112,104,68917,8,193
"South East",72,2013,1295,1160,143,89,64244,54,135
"South East",73,2002,1160,1173,82,138,61938,-56,-13
"South East",73,2003,1237,1137,84,148,63005,-64,100
"South East",73,2004,1214,1139,73,150,63819,-77,75
"South East",73,2005,1075,898,25,70,63049,-45,177
"South East",73,2006,1136,954,94,243,61456,-149,182
"South East",73,2007,1270,1086,33,115,61078,-82,184
"South East",73,2008,1076,976,184,151,63611,33,100
"South East",73,2009,859,761,123,107,64876,16,98
"South East",73,2010,1076,898,124,79,65848,45,178
"South East",73,2011,1096,969,119,122,67586,-3,127
"South East",73,2012,1262,1088,103,46,68305,57,174
"South East",73,2013,1257,1155,106,44,67734,62,102
"South East",74,2002,1116,1106,78,122,58811,-44,10
"South East",74,2003,1065,1004,75,116,60242,-41,61
"South East",74,2004,1192,1115,64,130,61287,-66,77
"South East",74,2005,1050,945,23,54,62194,-31,105
"South East",74,2006,1128,952,86,228,61486,-142,176
"South East",74,2007,1204,1056,50,111,60079,-61,148
"South East",74,2008,978,849,165,124,59834,41,129
"South East",74,2009,861,783,121,102,62281,19,78
"South East",74,2010,1022,909,116,54,63669,62,113
"South East",74,2011,982,855,117,108,64626,9,127
"South East",74,2012,1220,1053,124,17,66495,107,167
"South East",74,2013,1214,1059,85,21,67086,64,155
"South East",75,2002,1105,1086,33,42,57745,-9,19
"South East",75,2003,1113,1075,31,45,56928,-14,38
"South East",75,2004,1142,1028,31,47,58504,-16,114
"South East",75,2005,1010,931,6,12,59568,-6,79
"South East",75,2006,1083,927,29,103,60492,-74,156
"South East",75,2007,1195,1086,26,68,59950,-42,109
"South East",75,2008,1011,904,65,44,58611,21,107
"South East",75,2009,789,672,48,31,58463,17,117
"South East",75,2010,1022,887,43,18,60940,25,135
"South East",75,2011,985,822,57,40,62286,17,163
"South East",75,2012,1143,907,103,20,63513,83,236
"South East",75,2013,1181,1045,76,13,65143,63,136
"South East",76,2002,1091,1024,35,50,55747,-15,67
"South East",76,2003,1055,1019,29,53,55625,-24,36
"South East",76,2004,1081,1011,30,49,55035,-19,70
"South East",76,2005,1011,881,1,12,56618,-11,130
"South East",76,2006,1145,950,37,104,57833,-67,195
"South East",76,2007,1206,997,23,66,58815,-43,209
"South East",76,2008,998,871,61,44,58383,17,127
"South East",76,2009,758,662,40,29,56969,11,96
"South East",76,2010,963,817,34,17,57060,17,146
"South East",76,2011,949,805,51,57,59465,-6,144
"South East",76,2012,1034,941,83,23,60828,60,93
"South East",76,2013,1130,977,73,15,62035,58,153
"South East",77,2002,1131,1018,19,29,53222,-10,113
"South East",77,2003,1016,942,23,36,53563,-13,74
"South East",77,2004,1115,974,18,44,53602,-26,141
"South East",77,2005,945,853,0,12,53059,-12,92
"South East",77,2006,1011,840,14,87,54707,-73,171
"South East",77,2007,1255,1038,27,52,56072,-25,217
"South East",77,2008,991,913,48,28,56994,20,78
"South East",77,2009,846,672,39,22,56768,17,174
"South East",77,2010,948,865,36,13,55221,23,83
"South East",77,2011,887,755,37,33,55474,4,132
"South East",77,2012,1015,893,52,16,57906,36,122
"South East",77,2013,1094,936,57,12,59301,45,158
"South East",78,2002,1072,1007,25,33,51390,-8,65
"South East",78,2003,952,902,39,33,50975,6,50
"South East",78,2004,1085,988,27,38,51356,-11,97
"South East",78,2005,971,841,6,9,51529,-3,130
"South East",78,2006,996,813,29,110,51045,-81,183
"South East",78,2007,1128,953,35,69,52850,-34,175
"South East",78,2008,956,833,64,25,54121,39,123
"South East",78,2009,817,697,43,33,55083,10,120
"South East",78,2010,972,879,37,10,55008,27,93
"South East",78,2011,890,773,46,31,53425,15,117
"South East",78,2012,980,830,43,18,53918,25,150
"South East",78,2013,1050,937,44,5,56208,39,113
"South East",79,2002,1171,1052,11,28,50177,-17,119
"South East",79,2003,999,933,6,24,48887,-18,66
"South East",79,2004,1068,936,8,27,48556,-19,132
"South East",79,2005,986,881,2,5,48984,-3,105
"South East",79,2006,970,797,13,48,49354,-35,173
"South East",79,2007,1117,884,7,26,49124,-19,233
"South East",79,2008,927,828,23,19,50849,4,99
"South East",79,2009,831,698,10,12,52133,-2,133
"South East",79,2010,1083,903,15,3,53194,12,180
"South East",79,2011,940,785,8,11,53082,-3,155
"South East",79,2012,1018,923,55,19,51624,36,95
"South East",79,2013,999,836,51,4,52135,47,163
"South East",80,2002,1172,1133,8,8,49518,0,39
"South East",80,2003,1032,993,11,8,47555,3,39
"South East",80,2004,1061,924,7,4,46351,3,137
"South East",80,2005,993,810,3,6,46224,-3,183
"South East",80,2006,1035,906,4,24,46625,-20,129
"South East",80,2007,1147,957,16,15,47232,1,190
"South East",80,2008,900,757,23,4,47024,19,143
"South East",80,2009,786,675,18,9,48749,9,111
"South East",80,2010,1036,867,11,3,50063,8,169
"South East",80,2011,910,811,13,4,51078,9,99
"South East",80,2012,1022,865,36,9,51045,27,157
"South East",80,2013,1036,878,55,6,49761,49,158
"South East",81,2002,1219,1083,5,4,49838,1,136
"South East",81,2003,1017,962,18,9,46649,9,55
"South East",81,2004,1125,978,5,6,44914,-1,147
"South East",81,2005,939,825,0,0,43730,0,114
"South East",81,2006,1018,855,0,23,43841,-23,163
"South East",81,2007,1041,931,11,16,44244,-5,110
"South East",81,2008,893,762,22,9,44894,13,131
"South East",81,2009,845,750,20,15,44717,5,95
"South East",81,2010,986,842,11,3,46448,8,144
"South East",81,2011,903,791,11,5,47837,6,112
"South East",81,2012,1062,901,53,3,48917,50,161
"South East",81,2013,1008,907,41,10,48817,31,101
"South East",82,2002,1240,1135,2,3,46096,-1,105
"South East",82,2003,1112,1001,2,6,46549,-4,111
"South East",82,2004,1027,973,4,2,43597,2,54
"South East",82,2005,1034,923,4,2,42233,2,111
"South East",82,2006,1022,914,9,6,41123,3,108
"South East",82,2007,1112,952,5,2,41365,3,160
"South East",82,2008,931,766,9,2,41724,7,165
"South East",82,2009,873,706,5,1,42390,4,167
"South East",82,2010,957,827,0,5,42460,-5,130
"South East",82,2011,946,814,3,1,44040,2,132
"South East",82,2012,982,860,38,8,45432,30,122
"South East",82,2013,1051,926,47,4,46579,43,125
"South East",83,2002,778,720,0,1,31903,-1,58
"South East",83,2003,1180,1128,4,3,42624,1,52
"South East",83,2004,1171,1062,1,1,43167,0,109
"South East",83,2005,1042,940,3,0,40501,3,102
"South East",83,2006,1025,907,5,1,39525,4,118
"South East",83,2007,1099,916,0,2,38618,-2,183
"South East",83,2008,950,825,0,2,38812,-2,125
"South East",83,2009,844,709,0,0,39160,0,135
"South East",83,2010,899,763,0,0,39891,0,136
"South East",83,2011,871,773,0,0,40004,0,98
"South East",83,2012,1073,920,36,5,41598,31,153
"South East",83,2013,1035,941,49,1,42938,48,94
"South East",84,2002,838,734,4,9,25386,-5,104
"South East",84,2003,761,695,15,8,29514,7,66
"South East",84,2004,1231,1087,8,7,39046,1,144
"South East",84,2005,1117,948,2,0,39919,2,169
"South East",84,2006,1047,840,5,27,37534,-22,207
"South East",84,2007,1049,900,11,24,36779,-13,149
"South East",84,2008,922,814,26,15,35936,11,108
"South East",84,2009,869,766,21,12,36050,9,103
"South East",84,2010,991,859,13,2,36660,11,132
"South East",84,2011,916,841,14,7,37288,7,75
"South East",84,2012,995,861,14,4,37334,10,134
"South East",84,2013,1004,827,33,0,38984,33,177
"South East",85,2002,863,783,5,5,26298,0,80
"South East",85,2003,751,686,18,12,23024,6,65
"South East",85,2004,742,688,3,4,27089,-1,54
"South East",85,2005,1162,1050,0,2,35327,-2,112
"South East",85,2006,1107,971,6,32,36532,-26,136
"South East",85,2007,1057,901,14,17,34562,-3,156
"South East",85,2008,983,825,19,4,33967,15,158
"South East",85,2009,900,782,24,14,33163,10,118
"South East",85,2010,919,819,13,13,33349,0,100
"South East",85,2011,925,798,25,6,33987,19,127
"South East",85,2012,966,855,33,7,34655,26,111
"South East",85,2013,986,828,24,4,34596,20,158
"South East",86,2002,874,823,4,2,25083,2,51
"South East",86,2003,837,755,17,6,23631,11,82
"South East",86,2004,671,596,2,2,20643,0,75
"South East",86,2005,730,632,3,3,24766,0,98
"South East",86,2006,1083,921,0,24,31866,-24,162
"South East",86,2007,1065,900,4,8,33314,-4,165
"South East",86,2008,873,785,9,1,31487,8,88
"South East",86,2009,861,807,14,6,30951,8,54
"South East",86,2010,944,790,12,1,30480,11,154
"South East",86,2011,891,770,15,2,30613,13,121
"South East",86,2012,1004,908,22,9,31209,13,96
"South East",86,2013,941,819,25,2,31773,23,122
"South East",87,2002,918,811,4,3,23604,1,107
"South East",87,2003,846,784,12,3,22164,9,62
"South East",87,2004,739,670,1,4,21025,-3,69
"South East",87,2005,633,552,1,2,18432,-1,81
"South East",87,2006,668,595,0,17,22384,-17,73
"South East",87,2007,1010,911,0,8,28296,-8,99
"South East",87,2008,924,818,6,4,29938,2,106
"South East",87,2009,865,772,13,5,28436,8,93
"South East",87,2010,953,845,10,3,28045,7,108
"South East",87,2011,868,760,12,2,27728,10,108
"South East",87,2012,914,769,16,2,27720,14,145
"South East",87,2013,897,794,26,1,28306,25,103
"South East",88,2002,864,777,1,2,20581,-1,87
"South East",88,2003,771,733,9,3,20707,6,38
"South East",88,2004,766,712,1,3,19307,-2,54
"South East",88,2005,736,595,1,2,18601,-1,141
"South East",88,2006,591,522,0,10,16211,-10,69
"South East",88,2007,637,567,4,5,20276,-1,70
"South East",88,2008,935,820,0,0,24790,0,115
"South East",88,2009,866,773,8,3,26537,5,93
"South East",88,2010,928,808,0,3,25463,-3,120
"South East",88,2011,867,746,0,2,25234,-2,121
"South East",88,2012,880,795,20,7,24779,13,85
"South East",88,2013,929,860,27,5,24763,22,69
"South East",89,2002,710,682,0,0,17470,0,28
"South East",89,2003,722,655,3,1,17707,2,67
"South East",89,2004,744,673,1,0,17957,1,71
"South East",89,2005,667,595,1,0,16633,1,72
"South East",89,2006,657,558,0,1,16158,-1,99
"South East",89,2007,595,510,0,0,14137,0,85
"South East",89,2008,553,479,0,0,18105,0,74
"South East",89,2009,822,724,0,0,21300,0,98
"South East",89,2010,929,823,0,0,23362,0,106
"South East",89,2011,805,691,0,0,22518,0,114
"South East",89,2012,825,761,17,0,22196,17,64
"South East",89,2013,856,739,13,3,21868,10,117
"South East",90,2002,3059,2882,2,0,62620,2,177
"South East",90,2003,2955,2811,5,3,64024,2,144
"South East",90,2004,3154,2920,1,2,65670,-1,234
"South East",90,2005,3030,2745,0,1,67213,-1,285
"South East",90,2006,3080,2812,0,3,67893,-3,268
"South East",90,2007,2918,2648,0,4,68493,-4,270
"South East",90,2008,2869,2530,3,2,66744,1,339
"South East",90,2009,2888,2533,0,0,68983,0,355
"South East",90,2010,3368,2913,0,0,73937,0,455
"South East",90,2011,3464,3026,0,0,79582,0,438
"South East",90,2012,3821,3395,58,1,84002,57,426
"South East",90,2013,3973,3575,75,2,86485,73,398
"South West",0,2002,3472,2935,190,160,48762,30,537
"South West",0,2003,3429,2933,215,152,50857,63,496
"South West",0,2004,3633,3116,229,248,51953,-19,517
"South West",0,2005,3486,3028,238,114,52859,124,458
"South West",0,2006,3642,3119,174,208,53647,-34,523
"South West",0,2007,3989,3501,307,174,56197,133,488
"South West",0,2008,3751,3285,177,241,58547,-64,466
"South West",0,2009,3566,3239,105,159,57939,-54,327
"South West",0,2010,3843,3480,122,72,59140,50,363
"South West",0,2011,4046,3658,246,99,60477,147,388
"South West",0,2012,1727,1585,298,91,61524,207,142
"South West",0,2013,1696,1631,192,91,59597,101,65
"South West",1,2002,3484,2950,184,151,50564,33,534
"South West",1,2003,3450,2898,207,137,49317,70,552
"South West",1,2004,3579,3078,211,226,51193,-15,501
"South West",1,2005,3481,2942,217,108,52453,109,539
"South West",1,2006,3628,3021,170,198,53303,-28,607
"South West",1,2007,3892,3269,298,162,54468,136,623
"South West",1,2008,3769,3128,164,230,56802,-66,641
"South West",1,2009,3545,3146,106,146,58861,-40,399
"South West",1,2010,3766,3409,111,64,58227,47,357
"South West",1,2011,3920,3477,227,86,59391,141,443
"South West",1,2012,4547,4049,495,87,61362,408,498
"South West",1,2013,4411,3990,456,89,62304,367,421
"South West",2,2002,3618,3044,195,151,52751,44,574
"South West",2,2003,3327,2726,212,137,51178,75,601
"South West",2,2004,3399,2853,218,232,49789,-14,546
"South West",2,2005,3083,2594,238,107,51768,131,489
"South West",2,2006,3608,2924,179,200,52957,-21,684
"South West",2,2007,3668,3146,312,147,53923,165,522
"South West",2,2008,3414,2844,178,224,55216,-46,570
"South West",2,2009,3304,2803,118,159,57385,-41,501
"South West",2,2010,3693,3186,120,77,59414,43,507
"South West",2,2011,3739,3193,242,91,58831,151,546
"South West",2,2012,4082,3546,410,104,60249,306,536
"South West",2,2013,4242,3828,400,96,62094,304,414
"South West",3,2002,3418,2819,178,130,54740,48,599
"South West",3,2003,3205,2629,196,131,53384,65,576
"South West",3,2004,3083,2619,195,203,51651,-8,464
"South West",3,2005,2718,2257,203,93,50363,110,461
"South West",3,2006,3012,2512,166,187,52204,-21,500
"South West",3,2007,3211,2713,270,146,53534,124,498
"South West",3,2008,2944,2442,157,209,54327,-52,502
"South West",3,2009,2901,2435,102,143,55878,-41,466
"South West",3,2010,3190,2809,112,67,57929,45,381
"South West",3,2011,3302,2919,209,82,59918,127,383
"South West",3,2012,3672,3188,376,101,59604,275,484
"South West",3,2013,3791,3319,364,99,61007,265,472
"South West",4,2002,3387,2715,178,145,56440,33,672
"South West",4,2003,3105,2508,182,138,55466,44,597
"South West",4,2004,2992,2354,207,216,54079,-9,638
"South West",4,2005,2658,2105,210,100,52286,110,553
"South West",4,2006,2745,2224,162,177,50853,-15,521
"South West",4,2007,2828,2372,274,139,52740,135,456
"South West",4,2008,2863,2295,157,222,53966,-65,568
"South West",4,2009,2703,2224,94,155,54699,-61,479
"South West",4,2010,2880,2436,111,81,56556,30,444
"South West",4,2011,2929,2462,215,91,58653,124,467
"South West",4,2012,3274,2788,339,108,60658,231,486
"South West",4,2013,3231,2860,361,88,60280,273,371
"South West",5,2002,2868,2335,156,99,57816,57,533
"South West",5,2003,2748,2259,149,90,57042,59,489
"South West",5,2004,2738,2172,239,210,56208,29,566
"South West",5,2005,2324,1863,76,178,54459,-102,461
"South West",5,2006,2285,1826,67,126,52655,-59,459
"South West",5,2007,2339,1869,217,116,51395,101,470
"South West",5,2008,2289,1783,145,148,53131,-3,506
"South West",5,2009,2166,1854,154,112,54254,42,312
"South West",5,2010,2316,2040,149,87,54987,62,276
"South West",5,2011,2413,1982,111,85,57193,26,431
"South West",5,2012,2545,2281,348,85,59201,263,264
"South West",5,2013,2679,2347,307,72,61250,235,332
"South West",6,2002,2677,2164,138,86,57311,52,513
"South West",6,2003,2731,2117,136,80,58627,56,614
"South West",6,2004,2640,2108,209,193,57653,16,532
"South West",6,2005,2168,1766,68,161,56574,-93,402
"South West",6,2006,2361,1892,67,113,54902,-46,469
"South West",6,2007,2251,1825,204,104,53142,100,426
"South West",6,2008,2086,1763,129,134,51707,-5,323
"South West",6,2009,1979,1590,145,99,53512,46,389
"South West",6,2010,2116,1822,135,82,54550,53,294
"South West",6,2011,2079,1721,104,84,55255,20,358
"South West",6,2012,2335,2011,290,90,57730,200,324
"South West",6,2013,2388,2044,261,74,59754,187,344
"South West",7,2002,2721,2099,141,98,58587,43,622
"South West",7,2003,2420,1942,148,86,58071,62,478
"South West",7,2004,2603,2050,210,186,59352,24,553
"South West",7,2005,2299,1907,68,160,58004,-92,392
"South West",7,2006,2427,1876,61,132,57103,-71,551
"South West",7,2007,2391,1898,196,106,55533,90,493
"South West",7,2008,2079,1683,127,141,53546,-14,396
"South West",7,2009,1841,1490,146,102,52123,44,351
"South West",7,2010,2044,1660,135,82,53928,53,384
"South West",7,2011,1995,1684,108,85,54736,23,311
"South West",7,2012,2197,1920,229,68,55715,161,277
"South West",7,2013,2234,1961,271,62,58230,209,273
"South West",8,2002,2833,2184,140,104,59697,36,649
"South West",8,2003,2604,2107,137,86,59227,51,497
"South West",8,2004,2500,1953,214,190,58900,24,547
"South West",8,2005,2236,1923,72,160,59656,-88,313
"South West",8,2006,2250,1878,56,130,58335,-74,372
"South West",8,2007,2407,1930,209,109,57779,100,477
"South West",8,2008,2156,1656,131,145,56086,-14,500
"South West",8,2009,1895,1458,153,105,54036,48,437
"South West",8,2010,1961,1593,136,84,52551,52,368
"South West",8,2011,1931,1665,104,88,54133,16,266
"South West",8,2012,2091,1850,237,46,55186,191,241
"South West",8,2013,2085,1830,249,46,56191,203,255
"South West",9,2002,2599,2122,144,95,60432,49,477
"South West",9,2003,2691,2148,146,86,60510,60,543
"South West",9,2004,2499,2031,211,183,59757,28,468
"South West",9,2005,2186,1777,86,157,59402,-71,409
"South West",9,2006,2266,1837,66,122,60156,-56,429
"South West",9,2007,2316,1897,194,118,58850,76,419
"South West",9,2008,2133,1725,133,150,58257,-17,408
"South West",9,2009,1928,1635,149,108,56459,41,293
"South West",9,2010,1927,1609,133,86,54404,47,318
"South West",9,2011,1761,1559,101,78,52748,23,202
"South West",9,2012,2077,1775,236,46,54632,190,302
"South West",9,2013,2096,1794,247,37,55711,210,302
"South West",10,2002,2677,2083,212,112,61720,100,594
"South West",10,2003,2440,1922,224,116,61041,108,518
"South West",10,2004,2524,1916,129,252,61215,-123,608
"South West",10,2005,2229,1815,183,143,60179,40,414
"South West",10,2006,2222,1812,181,207,59964,-26,410
"South West",10,2007,2321,1874,184,88,60874,96,447
"South West",10,2008,2052,1577,84,167,59286,-83,475
"South West",10,2009,1868,1526,105,124,58672,-19,342
"South West",10,2010,1886,1569,118,33,56927,85,317
"South West",10,2011,1776,1460,72,35,54748,37,316
"South West",10,2012,1886,1574,270,35,53302,235,312
"South West",10,2013,1907,1703,234,48,55040,186,204
"South West",11,2002,2615,2071,200,101,63680,99,544
"South West",11,2003,2431,1967,239,115,62350,124,464
"South West",11,2004,2381,1820,124,251,61667,-127,561
"South West",11,2005,2178,1786,173,142,61884,31,392
"South West",11,2006,2102,1722,166,201,60608,-35,380
"South West",11,2007,2196,1794,178,87,60619,91,402
"South West",11,2008,2005,1607,97,173,61324,-76,398
"South West",11,2009,1880,1530,94,131,59703,-37,350
"South West",11,2010,1878,1629,118,39,59138,79,249
"South West",11,2011,1862,1494,66,40,57374,26,368
"South West",11,2012,1891,1553,240,40,55302,200,338
"South West",11,2013,1670,1467,274,47,53736,227,203
"South West",12,2002,2661,2116,214,114,63634,100,545
"South West",12,2003,2526,2008,267,130,64312,137,518
"South West",12,2004,2572,2018,144,262,62766,-118,554
"South West",12,2005,2292,1859,189,140,62167,49,433
"South West",12,2006,2332,1889,183,208,62489,-25,443
"South West",12,2007,2276,1911,182,87,61111,95,365
"South West",12,2008,2064,1648,92,172,61125,-80,416
"South West",12,2009,1997,1620,107,128,61818,-21,377
"South West",12,2010,1943,1596,118,45,60183,73,347
"South West",12,2011,1938,1564,76,40,59602,36,374
"South West",12,2012,1902,1607,277,38,57916,239,295
"South West",12,2013,1842,1595,247,38,55773,209,247
"South West",13,2002,2301,1897,210,113,63237,97,404
"South West",13,2003,2341,1888,277,119,64057,158,453
"South West",13,2004,2313,1843,127,245,64628,-118,470
"South West",13,2005,2073,1680,174,138,63179,36,393
"South West",13,2006,2164,1696,164,203,62711,-39,468
"South West",13,2007,2210,1843,167,85,63201,82,367
"South West",13,2008,1992,1595,82,163,61520,-81,397
"South West",13,2009,1770,1485,101,123,61620,-22,285
"South West",13,2010,1996,1564,116,46,62492,70,432
"South West",13,2011,1867,1515,71,35,60656,36,352
"South West",13,2012,1984,1544,275,29,60305,246,440
"South West",13,2013,1884,1578,231,35,58430,196,306
"South West",14,2002,2954,2259,211,110,64182,101,695
"South West",14,2003,2760,2099,305,131,63930,174,661
"South West",14,2004,2958,2246,133,259,64466,-126,712
"South West",14,2005,2745,2159,181,147,65238,34,586
"South West",14,2006,2701,2066,169,224,63790,-55,635
"South West",14,2007,2631,2058,178,88,63453,90,573
"South West",14,2008,2682,2122,90,183,63877,-93,560
"South West",14,2009,2341,1858,105,120,62069,-15,483
"South West",14,2010,2401,1852,118,44,62444,74,549
"South West",14,2011,2310,1827,74,39,63169,35,483
"South West",14,2012,2441,1976,245,45,61334,200,465
"South West",14,2013,2448,1982,300,43,61039,257,466
"South West",15,2002,2013,1584,359,159,61981,200,429
"South West",15,2003,1897,1673,586,100,64378,486,224
"South West",15,2004,1850,1616,552,151,64119,401,234
"South West",15,2005,1871,1635,613,92,64834,521,236
"South West",15,2006,1810,1662,504,165,65563,339,148
"South West",15,2007,1930,1631,440,49,64290,391,299
"South West",15,2008,1743,1546,456,208,63786,248,197
"South West",15,2009,1696,1513,434,140,64407,294,183
"South West",15,2010,1643,1484,400,92,62439,308,159
"South West",15,2011,1623,1432,430,51,63065,379,191
"South West",15,2012,1671,1458,266,50,63609,216,213
"South West",15,2013,1575,1545,280,69,61577,211,30
"South West",16,2002,1952,1755,418,184,60879,234,197
"South West",16,2003,1935,1730,668,125,62117,543,205
"South West",16,2004,1963,1728,616,176,64655,440,235
"South West",16,2005,1820,1699,669,93,64516,576,121
"South West",16,2006,1895,1737,557,192,64892,365,158
"South West",16,2007,1910,1750,486,69,66086,417,160
"South West",16,2008,1939,1752,514,259,64587,255,187
"South West",16,2009,1756,1635,489,182,64136,307,121
"South West",16,2010,1795,1645,457,108,64949,349,150
"South West",16,2011,1672,1583,480,68,62913,412,89
"South West",16,2012,1714,1594,362,130,63387,232,120
"South West",16,2013,1699,1668,351,135,63800,216,31
"South West",17,2002,2849,2609,568,235,60403,333,240
"South West",17,2003,2862,2581,878,196,61059,682,281
"South West",17,2004,2807,2586,845,266,62242,579,221
"South West",17,2005,2798,2609,954,163,64961,791,189
"South West",17,2006,2837,2555,769,267,64819,502,282
"South West",17,2007,2983,2692,673,98,65506,575,291
"South West",17,2008,2861,2622,723,372,66284,351,239
"South West",17,2009,2722,2598,682,275,64898,407,124
"South West",17,2010,2596,2371,631,199,64645,432,225
"South West",17,2011,2626,2461,691,133,65844,558,165
"South West",17,2012,2735,2596,513,191,63123,322,139
"South West",17,2013,2691,2509,482,194,63621,288,182
"South West",18,2002,4811,4587,747,325,59460,422,224
"South West",18,2003,4820,4694,1137,267,61155,870,126
"South West",18,2004,4734,4552,1184,372,61697,812,182
"South West",18,2005,4715,4625,1466,230,63302,1236,90
"South West",18,2006,4995,4888,1120,413,65484,707,107
"South West",18,2007,4881,4560,1022,175,65892,847,321
"South West",18,2008,4870,4617,1090,520,66021,570,253
"South West",18,2009,4989,4771,1036,409,67129,627,218
"South West",18,2010,4786,4325,935,297,65916,638,461
"South West",18,2011,4699,4531,1018,192,65795,826,168
"South West",18,2012,5278,5070,712,299,66516,413,208
"South West",18,2013,4693,4229,674,315,64075,359,464
"South West",19,2002,13676,13926,1021,474,57901,547,-250
"South West",19,2003,13936,14275,1533,416,60005,1117,-339
"South West",19,2004,14542,14378,1684,549,62080,1135,164
"South West",19,2005,14624,14554,2164,381,63272,1783,70
"South West",19,2006,15906,15487,1605,680,64238,925,419
"South West",19,2007,15744,14777,1510,296,67346,1214,967
"South West",19,2008,15243,14199,1579,771,67493,808,1044
"South West",19,2009,16192,14895,1529,644,67976,885,1297
"South West",19,2010,16595,14736,1360,480,69850,880,1859
"South West",19,2011,16492,15027,1477,320,68616,1157,1465
"South West",19,2012,17758,16955,1062,430,67185,632,803
"South West",19,2013,16897,14391,1018,428,69707,590,2506
"South West",20,2002,10624,11382,1072,853,56152,219,-758
"South West",20,2003,10884,11604,1267,1073,57344,194,-720
"South West",20,2004,11013,11500,1743,1094,59679,649,-487
"South West",20,2005,11218,11646,2274,827,62617,1447,-428
"South West",20,2006,11162,11790,1770,942,62920,828,-628
"South West",20,2007,10545,10888,1848,674,64565,1174,-343
"South West",20,2008,11519,11726,1435,935,67117,500,-207
"South West",20,2009,12180,12227,1320,1400,66973,-80,-47
"South West",20,2010,12136,12343,1562,768,68110,794,-207
"South West",20,2011,11940,12289,1796,825,70252,971,-349
"South West",20,2012,13039,13713,1142,606,68416,536,-674
"South West",20,2013,11188,10897,1204,717,68000,487,291
"South West",21,2002,8393,8606,1275,991,57484,284,-213
"South West",21,2003,8543,8817,1507,1254,56404,253,-274
"South West",21,2004,8839,9009,2089,1246,57946,843,-170
"South West",21,2005,9201,9202,2767,977,61229,1790,-1
"South West",21,2006,9031,9303,2143,1093,63155,1050,-272
"South West",21,2007,9319,9388,2230,764,63997,1466,-69
"South West",21,2008,9356,9444,1744,1057,64782,687,-88
"South West",21,2009,10456,10566,1626,1609,66710,17,-110
"South West",21,2010,9036,9532,1929,855,67304,1074,-496
"South West",21,2011,8784,9415,2231,960,68589,1271,-631
"South West",21,2012,9586,10558,1252,774,69701,478,-972
"South West",21,2013,9508,10127,1205,731,68301,474,-619
"South West",22,2002,9386,9576,1495,1134,56644,361,-190
"South West",22,2003,9518,9767,1735,1444,57547,291,-249
"South West",22,2004,9428,9588,2440,1453,57153,987,-160
"South West",22,2005,10957,11154,3245,1124,59823,2121,-197
"South West",22,2006,10962,11325,2494,1274,61786,1220,-363
"South West",22,2007,11277,11832,2590,907,63785,1683,-555
"South West",22,2008,11493,12040,2035,1237,63803,798,-547
"South West",22,2009,12338,12936,1887,1874,63706,13,-598
"South West",22,2010,11905,12938,2238,982,66454,1256,-1033
"South West",22,2011,11550,12407,2593,1124,67618,1469,-857
"South West",22,2012,10766,11535,1473,873,68337,600,-769
"South West",22,2013,10873,11377,1479,944,69716,535,-504
"South West",23,2002,8456,9205,1383,1046,53793,337,-749
"South West",23,2003,9031,9625,1627,1347,56620,280,-594
"South West",23,2004,8863,9433,2274,1318,57840,956,-570
"South West",23,2005,9848,10383,2936,1054,58569,1882,-535
"South West",23,2006,10372,10934,2318,1192,60370,1126,-562
"South West",23,2007,10619,11409,2405,842,62153,1563,-790
"South West",23,2008,10564,11310,1864,1145,63425,719,-746
"South West",23,2009,10961,11897,1707,1742,62333,-35,-936
"South West",23,2010,11018,12133,2034,876,63226,1158,-1115
"South West",23,2011,11037,12583,2331,1031,65769,1300,-1546
"South West",23,2012,9895,11230,1513,887,66855,626,-1335
"South West",23,2013,10081,11405,1513,1052,67457,461,-1324
"South West",24,2002,6850,7079,1313,1001,50463,312,-229
"South West",24,2003,7662,7778,1536,1244,54242,292,-116
"South West",24,2004,7893,8052,2095,1224,57553,871,-159
"South West",24,2005,8290,8154,2715,986,59790,1729,136
"South West",24,2006,8550,8673,2166,1101,59644,1065,-123
"South West",24,2007,8733,9191,2247,781,61350,1466,-458
"South West",24,2008,8713,9150,1734,1062,62121,672,-437
"South West",24,2009,8978,9714,1560,1618,62226,-58,-736
"South West",24,2010,8845,9336,1844,774,62459,1070,-491
"South West",24,2011,8809,9438,2103,950,63304,1153,-629
"South West",24,2012,8472,9206,1284,1005,65323,279,-734
"South West",24,2013,8336,9014,1371,1073,66495,298,-678
"South West",25,2002,6197,6136,1164,892,49758,272,61
"South West",25,2003,6396,6427,1501,1299,50754,202,-31
"South West",25,2004,6990,6976,1471,1132,54710,339,14
"South West",25,2005,7446,7439,2405,1321,58988,1084,7
"South West",25,2006,7540,7582,1490,1163,60157,327,-42
"South West",25,2007,7663,7974,1879,850,60492,1029,-311
"South West",25,2008,7553,7780,1806,2038,60992,-232,-227
"South West",25,2009,7671,8216,1358,1840,60835,-482,-545
"South West",25,2010,7847,8079,1462,1153,61945,309,-232
"South West",25,2011,7636,8080,1635,1131,62109,504,-444
"South West",25,2012,7338,7718,1295,984,63260,311,-380
"South West",25,2013,7723,7994,1245,1013,65273,232,-271
"South West",26,2002,5907,5869,1087,811,50728,276,38
"South West",26,2003,6147,5914,1414,1171,50519,243,233
"South West",26,2004,6146,5964,1375,1033,51450,342,182
"South West",26,2005,6618,6387,2247,1214,56365,1033,231
"South West",26,2006,6922,6943,1395,1056,59791,339,-21
"South West",26,2007,6978,7120,1770,788,61235,982,-142
"South West",26,2008,6946,6874,1701,1871,60739,-170,72
"South West",26,2009,6750,7053,1279,1668,60434,-389,-303
"South West",26,2010,6853,6984,1369,1009,60887,360,-131
"South West",26,2011,6773,6941,1508,1006,62069,502,-168
"South West",26,2012,6666,6979,1058,970,61816,88,-313
"South West",26,2013,6699,6857,1148,993,63312,155,-158
"South West",27,2002,6040,5854,996,712,53197,284,186
"South West",27,2003,6096,5689,1280,1003,51610,277,407
"South West",27,2004,5800,5412,1254,915,51278,339,388
"South West",27,2005,6031,5763,2043,1038,52772,1005,268
"South West",27,2006,6505,6433,1286,964,57016,322,72
"South West",27,2007,6823,6620,1614,669,61198,945,203
"South West",27,2008,6581,6452,1554,1606,61446,-52,129
"South West",27,2009,6508,6601,1158,1473,60499,-315,-93
"South West",27,2010,6321,6304,1252,914,60821,338,17
"South West",27,2011,6289,6348,1390,887,61077,503,-59
"South West",27,2012,6387,6395,971,846,62165,125,-8
"South West",27,2013,6365,6397,1039,892,62044,147,-32
"South West",28,2002,6179,5811,978,658,56565,320,368
"South West",28,2003,6056,5587,1245,952,54057,293,469
"South West",28,2004,5931,5473,1214,855,52443,359,458
"South West",28,2005,5692,5443,1968,995,52568,973,249
"South West",28,2006,5803,5533,1242,909,53449,333,270
"South West",28,2007,6355,5972,1550,625,58384,925,383
"South West",28,2008,6203,6150,1500,1505,61496,-5,53
"South West",28,2009,5941,5828,1129,1394,61292,-265,113
"South West",28,2010,6092,5901,1205,859,61035,346,191
"South West",28,2011,5965,5897,1333,832,61303,501,68
"South West",28,2012,6134,6078,933,827,61182,106,56
"South West",28,2013,6182,5989,876,779,62434,97,193
"South West",29,2002,6123,5549,907,598,60060,309,574
"South West",29,2003,5869,5425,1159,858,57315,301,444
"South West",29,2004,6107,5380,1118,759,55041,359,727
"South West",29,2005,5484,5065,1831,884,53883,947,419
"South West",29,2006,5585,5150,1174,808,53409,366,435
"South West",29,2007,5553,5326,1471,553,54473,918,227
"South West",29,2008,5828,5588,1415,1361,58859,54,240
"South West",29,2009,5781,5580,1058,1257,61678,-199,201
"South West",29,2010,5698,5516,1146,782,61727,364,182
"South West",29,2011,5588,5427,1267,735,61696,532,161
"South West",29,2012,5949,5708,839,779,61585,60,241
"South West",29,2013,5925,5586,863,713,61689,150,339
"South West",30,2002,6140,5583,678,702,64090,-24,557
"South West",30,2003,5906,5329,817,735,61027,82,577
"South West",30,2004,5782,5248,938,1251,57839,-313,534
"South West",30,2005,5449,4883,1352,795,56507,557,566
"South West",30,2006,5379,4958,1059,907,54827,152,421
"South West",30,2007,5332,5009,937,637,54287,300,323
"South West",30,2008,5066,4751,1150,941,55332,209,315
"South West",30,2009,5490,5244,995,1092,59436,-97,246
"South West",30,2010,5297,5253,776,704,62304,72,44
"South West",30,2011,5466,5094,836,703,62517,133,372
"South West",30,2012,5814,5446,747,691,62055,56,368
"South West",30,2013,5683,5263,765,649,62103,116,420
"South West",31,2002,5999,5350,605,626,66873,-21,649
"South West",31,2003,6177,5396,737,665,65012,72,781
"South West",31,2004,5983,5176,846,1109,61617,-263,807
"South West",31,2005,5243,4846,1204,722,58830,482,397
"South West",31,2006,5454,4769,933,814,57398,119,685
"South West",31,2007,5244,4760,846,559,55723,287,484
"South West",31,2008,4916,4446,1036,861,55108,175,470
"South West",31,2009,4832,4393,890,988,55758,-98,439
"South West",31,2010,5168,4842,694,643,59977,51,326
"South West",31,2011,5291,4962,759,633,63064,126,329
"South West",31,2012,5525,5144,666,636,62848,30,381
"South West",31,2013,5455,5198,733,650,62373,83,257
"South West",32,2002,5696,4973,601,625,67231,-24,723
"South West",32,2003,5827,4999,721,669,67762,52,828
"South West",32,2004,5796,5025,803,1040,65532,-237,771
"South West",32,2005,5307,4543,1141,688,62962,453,764
"South West",32,2006,5226,4543,895,747,59763,148,683
"South West",32,2007,5070,4664,805,559,58178,246,406
"South West",32,2008,4613,4263,986,804,56483,182,350
"South West",32,2009,4394,4106,854,878,55480,-24,288
"South West",32,2010,4399,4056,659,639,56143,20,343
"South West",32,2011,4687,4361,723,607,60619,116,326
"South West",32,2012,5350,4912,596,596,63381,0,438
"South West",32,2013,5193,4794,623,531,63330,92,399
"South West",33,2002,5519,4698,522,578,69645,-56,821
"South West",33,2003,5394,4652,651,600,67923,51,742
"South West",33,2004,5598,4773,737,942,68322,-205,825
"South West",33,2005,5145,4511,1040,628,66591,412,634
"South West",33,2006,5204,4490,816,673,63841,143,714
"South West",33,2007,5090,4396,712,504,60757,208,694
"South West",33,2008,4561,4110,883,724,58886,159,451
"South West",33,2009,4222,3807,774,796,57013,-22,415
"South West",33,2010,4147,3945,608,577,55773,31,202
"South West",33,2011,4074,3814,654,547,56542,107,260
"South West",33,2012,4947,4509,477,546,60948,-69,438
"South West",33,2013,5026,4568,562,514,63853,48,458
"South West",34,2002,5047,4274,512,561,70610,-49,773
"South West",34,2003,5026,4311,623,583,70424,40,715
"South West",34,2004,5245,4397,695,911,68423,-216,848
"South West",34,2005,4989,4369,973,593,69370,380,620
"South West",34,2006,4955,4283,776,643,67415,133,672
"South West",34,2007,4918,4295,686,475,64741,211,623
"South West",34,2008,4476,3968,849,704,61551,145,508
"South West",34,2009,4016,3705,740,776,59312,-36,311
"South West",34,2010,4003,3677,578,549,57479,29,326
"South West",34,2011,3810,3455,622,518,56318,104,355
"South West",34,2012,4419,3962,435,503,56871,-68,457
"South West",34,2013,4540,4147,500,448,61368,52,393
"South West",35,2002,4902,4019,507,372,74285,135,883
"South West",35,2003,4941,4145,748,710,71411,38,796
"South West",35,2004,5027,4123,611,588,71280,23,904
"South West",35,2005,4663,3837,998,618,69606,380,826
"South West",35,2006,4899,4085,795,739,70357,56,814
"South West",35,2007,4870,4304,776,367,68501,409,566
"South West",35,2008,4289,3684,708,745,65465,-37,605
"South West",35,2009,3959,3423,610,690,62215,-80,536
"South West",35,2010,3938,3482,524,530,59867,-6,456
"South West",35,2011,3726,3352,543,562,58029,-19,374
"South West",35,2012,3959,3499,433,480,56737,-47,460
"South West",35,2013,3939,3562,454,462,57185,-8,377
"South West",36,2002,4845,3904,454,343,75322,111,941
"South West",36,2003,4729,4046,664,639,74924,25,683
"South West",36,2004,4694,3962,553,539,72064,14,732
"South West",36,2005,4461,3688,910,576,72404,334,773
"South West",36,2006,4522,3823,717,653,70358,64,699
"South West",36,2007,4870,4225,702,331,71443,371,645
"South West",36,2008,4218,3640,651,666,69160,-15,578
"South West",36,2009,3934,3436,556,628,66010,-72,498
"South West",36,2010,3620,3359,473,478,62586,-5,261
"South West",36,2011,3667,3287,488,506,60365,-18,380
"South West",36,2012,3965,3500,378,403,58413,-25,465
"South West",36,2013,3782,3378,435,412,57161,23,404
"South West",37,2002,4573,3716,441,354,75542,87,857
"South West",37,2003,4535,3713,649,616,75931,33,822
"South West",37,2004,4682,3807,543,525,75471,18,875
"South West",37,2005,4074,3410,866,563,72893,303,664
"South West",37,2006,4300,3726,693,652,72913,41,574
"South West",37,2007,4374,3658,681,341,71278,340,716
"South West",37,2008,4150,3442,608,667,72109,-59,708
"South West",37,2009,3727,3247,537,644,69555,-107,480
"South West",37,2010,3727,3379,459,487,66330,-28,348
"South West",37,2011,3513,3134,463,492,62994,-29,379
"South West",37,2012,3823,3373,401,430,60793,-29,450
"South West",37,2013,3581,3242,401,368,58722,33,339
"South West",38,2002,4384,3565,435,327,75720,108,819
"South West",38,2003,4239,3482,608,578,76169,30,757
"South West",38,2004,4452,3614,519,513,76564,6,838
"South West",38,2005,4050,3391,824,538,76314,286,659
"South West",38,2006,3929,3337,665,610,73542,55,592
"South West",38,2007,4182,3604,643,321,73758,322,578
"South West",38,2008,3777,3229,594,637,71776,-43,548
"South West",38,2009,3603,3049,515,628,72663,-113,554
"South West",38,2010,3654,3152,436,462,70092,-26,502
"South West",38,2011,3456,2958,452,476,66891,-24,498
"South West",38,2012,3590,3113,380,351,63402,29,477
"South West",38,2013,3403,3000,378,350,61217,28,403
"South West",39,2002,3951,3094,395,309,74705,86,857
"South West",39,2003,4110,3373,568,519,76404,49,737
"South West",39,2004,4085,3266,467,441,76852,26,819
"South West",39,2005,3803,3223,736,484,77227,252,580
"South West",39,2006,3890,3256,594,579,76878,15,634
"South West",39,2007,4010,3393,591,297,74419,294,617
"South West",39,2008,3809,3199,532,570,74312,-38,610
"South West",39,2009,3392,2830,458,564,72153,-106,562
"South West",39,2010,3518,3116,393,409,73076,-16,402
"South West",39,2011,3423,2902,408,427,70644,-19,521
"South West",39,2012,3566,3110,358,327,67306,31,456
"South West",39,2013,3372,2927,341,283,63868,58,445
"South West",40,2002,3804,3013,444,353,73028,91,791
"South West",40,2003,3822,2940,380,625,75274,-245,882
"South West",40,2004,3940,3125,432,608,77092,-176,815
"South West",40,2005,3607,3085,675,400,77604,275,522
"South West",40,2006,3714,3005,501,696,77733,-195,709
"South West",40,2007,3893,3294,576,364,77647,212,599
"South West",40,2008,3406,2904,484,823,74597,-339,502
"South West",40,2009,3195,2837,487,559,74662,-72,358
"South West",40,2010,3319,2866,421,559,72482,-138,453
"South West",40,2011,3367,2915,254,406,73540,-152,452
"South West",40,2012,3537,3127,320,350,70940,-30,410
"South West",40,2013,3282,2882,334,281,67723,53,400
"South West",41,2002,3450,2817,371,330,71547,41,633
"South West",41,2003,3582,2857,323,562,73477,-239,725
"South West",41,2004,3628,2936,364,540,75614,-176,692
"South West",41,2005,3420,2746,567,345,77822,222,674
"South West",41,2006,3481,2784,431,622,77916,-191,697
"South West",41,2007,3656,3101,509,317,78276,192,555
"South West",41,2008,3530,2890,415,732,77787,-317,640
"South West",41,2009,3133,2623,426,493,74931,-67,510
"South West",41,2010,3198,2776,366,499,74832,-133,422
"South West",41,2011,3065,2676,226,358,72580,-132,389
"South West",41,2012,3419,2957,274,300,73915,-26,462
"South West",41,2013,3232,2821,328,285,71343,43,411
"South West",42,2002,3051,2493,357,287,69226,70,558
"South West",42,2003,3221,2652,306,515,71749,-209,569
"South West",42,2004,3350,2708,316,479,73968,-163,642
"South West",42,2005,3163,2655,532,313,76131,219,508
"South West",42,2006,3398,2814,387,547,78139,-160,584
"South West",42,2007,3468,2880,448,284,78495,164,588
"South West",42,2008,3267,2689,370,644,78328,-274,578
"South West",42,2009,3041,2626,389,457,77912,-68,415
"South West",42,2010,2976,2558,326,439,75106,-113,418
"South West",42,2011,3061,2643,209,314,75061,-105,418
"South West",42,2012,3182,2849,330,276,72917,54,333
"South West",42,2013,3301,2885,326,238,74312,88,416
"South West",43,2002,3018,2448,313,269,68394,44,570
"South West",43,2003,2986,2460,268,456,69507,-188,526
"South West",43,2004,3160,2462,295,426,72243,-131,698
"South West",43,2005,3010,2485,478,283,74633,195,525
"South West",43,2006,3115,2550,356,488,76377,-132,565
"South West",43,2007,3433,2826,412,251,78797,161,607
"South West",43,2008,3118,2673,342,564,78529,-222,445
"South West",43,2009,2919,2449,344,393,78558,-49,470
"South West",43,2010,2988,2608,296,398,78009,-102,380
"South West",43,2011,2836,2392,190,290,75362,-100,444
"South West",43,2012,3199,2786,279,253,75416,26,413
"South West",43,2013,3048,2735,300,245,73214,55,313
"South West",44,2002,2816,2246,296,246,68015,50,570
"South West",44,2003,2849,2292,261,435,68767,-174,557
"South West",44,2004,2897,2312,285,409,69969,-124,585
"South West",44,2005,2767,2326,447,258,72829,189,441
"South West",44,2006,2945,2489,328,447,74993,-119,456
"South West",44,2007,3213,2627,387,243,77011,144,586
"South West",44,2008,3076,2626,316,538,78998,-222,450
"South West",44,2009,2786,2418,333,363,78777,-30,368
"South West",44,2010,2796,2421,287,367,78706,-80,375
"South West",44,2011,2834,2423,181,272,78242,-91,411
"South West",44,2012,3024,2609,291,246,75647,45,415
"South West",44,2013,2981,2630,280,224,75690,56,351
"South West",45,2002,2675,2150,177,426,65356,-249,525
"South West",45,2003,2668,2212,226,195,68297,31,456
"South West",45,2004,2701,2223,299,418,68959,-119,478
"South West",45,2005,2717,2209,335,384,70238,-49,508
"South West",45,2006,2740,2336,208,211,73001,-3,404
"South West",45,2007,3029,2502,223,287,75312,-64,527
"South West",45,2008,2908,2423,286,347,77145,-61,485
"South West",45,2009,2546,2196,346,462,79009,-116,350
"South West",45,2010,2763,2426,236,226,78808,10,337
"South West",45,2011,2765,2379,220,213,78761,7,386
"South West",45,2012,3027,2621,260,199,78617,61,406
"South West",45,2013,2821,2533,260,194,75889,66,288
"South West",46,2002,2432,2057,160,364,63717,-204,375
"South West",46,2003,2569,2047,208,165,65828,43,522
"South West",46,2004,2643,2210,258,379,68474,-121,433
"South West",46,2005,2510,1990,307,348,69365,-41,520
"South West",46,2006,2522,2125,190,186,70533,4,397
"South West",46,2007,2939,2403,198,252,73347,-54,536
"South West",46,2008,2654,2293,251,308,75556,-57,361
"South West",46,2009,2428,2135,300,410,77096,-110,293
"South West",46,2010,2632,2317,208,197,79199,11,315
"South West",46,2011,2668,2310,199,191,78976,8,358
"South West",46,2012,2896,2563,255,183,79030,72,333
"South West",46,2013,2840,2509,270,190,78883,80,331
"South West",47,2002,2312,1948,143,326,62698,-183,364
"South West",47,2003,2420,2018,186,151,64021,35,402
"South West",47,2004,2507,2050,243,334,66151,-91,457
"South West",47,2005,2333,1980,278,309,68706,-31,353
"South West",47,2006,2412,2069,179,182,69640,-3,343
"South West",47,2007,2682,2263,174,226,70868,-52,419
"South West",47,2008,2571,2207,233,278,73572,-45,364
"South West",47,2009,2340,2098,281,358,75731,-77,242
"South West",47,2010,2544,2220,187,177,77254,10,324
"South West",47,2011,2533,2204,183,163,79469,20,329
"South West",47,2012,2816,2398,224,173,79282,51,418
"South West",47,2013,2790,2464,220,168,79296,52,326
"South West",48,2002,2295,1875,140,315,63849,-175,420
"South West",48,2003,2341,1838,175,151,62988,24,503
"South West",48,2004,2366,1972,236,319,64129,-83,394
"South West",48,2005,2413,1933,269,300,66439,-31,480
"South West",48,2006,2308,1902,165,170,68889,-5,406
"South West",48,2007,2706,2240,171,225,69837,-54,466
"South West",48,2008,2500,2057,210,265,71078,-55,443
"South West",48,2009,2303,1948,262,352,73586,-90,355
"South West",48,2010,2524,2134,177,172,76026,5,390
"South West",48,2011,2548,2117,179,162,77428,17,431
"South West",48,2012,2735,2395,212,188,79713,24,340
"South West",48,2013,2720,2429,261,164,79569,97,291
"South West",49,2002,2319,1909,134,300,63716,-166,410
"South West",49,2003,2374,1942,175,134,64141,41,432
"South West",49,2004,2332,1874,227,315,63124,-88,458
"South West",49,2005,2157,1780,267,289,64292,-22,377
"South West",49,2006,2341,1937,160,165,66675,-5,404
"South West",49,2007,2614,2142,163,209,69111,-46,472
"South West",49,2008,2429,1943,211,252,70160,-41,486
"South West",49,2009,2142,1824,254,320,71195,-66,318
"South West",49,2010,2346,2122,165,162,73657,3,224
"South West",49,2011,2409,2030,162,153,76317,9,379
"South West",49,2012,2727,2338,248,154,77741,94,389
"South West",49,2013,2764,2411,225,160,79926,65,353
"South West",50,2002,2369,1832,108,100,63935,8,537
"South West",50,2003,2372,1841,178,306,63981,-128,531
"South West",50,2004,2335,1835,84,223,64264,-139,500
"South West",50,2005,2048,1729,257,230,63222,27,319
"South West",50,2006,2200,1850,161,274,64321,-113,350
"South West",50,2007,2505,1985,121,116,67056,5,520
"South West",50,2008,2355,1972,233,208,69273,25,383
"South West",50,2009,2127,1819,158,191,70220,-33,308
"South West",50,2010,2150,1890,67,115,71244,-48,260
"South West",50,2011,2335,1984,194,173,73810,21,351
"South West",50,2012,2555,2272,219,171,76460,48,283
"South West",50,2013,2500,2186,191,126,77911,65,314
"South West",51,2002,2386,1887,109,113,64711,-4,499
"South West",51,2003,2199,1770,191,311,64017,-120,429
"South West",51,2004,2441,1931,81,253,64215,-172,510
"South West",51,2005,2232,1749,266,236,64585,30,483
"South West",51,2006,2034,1698,168,277,63267,-109,336
"South West",51,2007,2473,2073,122,121,64547,1,400
"South West",51,2008,2234,1850,243,222,67339,21,384
"South West",51,2009,2016,1694,164,201,69391,-37,322
"South West",51,2010,2140,1930,74,117,70245,-43,210
"South West",51,2011,2210,1885,195,174,71450,21,325
"South West",51,2012,2661,2181,148,133,74093,15,480
"South West",51,2013,2520,2184,188,128,76661,60,336
"South West",52,2002,2490,1852,93,100,67136,-7,638
"South West",52,2003,2241,1825,171,286,64755,-115,416
"South West",52,2004,2325,1859,73,233,64020,-160,466
"South West",52,2005,2052,1691,254,221,64424,33,361
"South West",52,2006,2144,1789,156,261,64615,-105,355
"South West",52,2007,2295,1827,115,122,63517,-7,468
"South West",52,2008,2181,1808,230,209,64706,21,373
"South West",52,2009,1947,1687,151,197,67396,-46,260
"South West",52,2010,2067,1773,73,112,69408,-39,294
"South West",52,2011,2162,1806,196,164,70450,32,356
"South West",52,2012,2299,1959,171,124,71638,47,340
"South West",52,2013,2365,2129,182,139,74206,43,236
"South West",53,2002,2495,1933,104,105,69689,-1,562
"South West",53,2003,2480,1887,168,287,67318,-119,593
"South West",53,2004,2251,1810,81,234,64782,-153,441
"South West",53,2005,2014,1665,249,219,64142,30,349
"South West",53,2006,2079,1755,158,268,64492,-110,324
"South West",53,2007,2421,1926,120,115,64866,5,495
"South West",53,2008,2005,1613,226,207,63663,19,392
"South West",53,2009,1867,1544,153,199,64736,-46,323
"South West",53,2010,1996,1666,73,113,67487,-40,330
"South West",53,2011,2127,1774,192,167,69504,25,353
"South West",53,2012,2341,1920,169,112,70747,57,421
"South West",53,2013,2340,1979,171,123,71852,48,361
"South West",54,2002,2616,2000,100,106,75595,-6,616
"South West",54,2003,2449,1898,176,291,69805,-115,551
"South West",54,2004,2300,1827,90,246,67355,-156,473
"South West",54,2005,1997,1636,257,223,64969,34,361
"South West",54,2006,2042,1654,155,271,64106,-116,388
"South West",54,2007,2327,1888,115,117,64748,-2,439
"South West",54,2008,2058,1684,247,218,65034,29,374
"South West",54,2009,1704,1479,158,208,63589,-50,225
"South West",54,2010,2006,1674,74,116,64781,-42,332
"South West",54,2011,1969,1680,204,175,67624,29,289
"South West",54,2012,2153,1804,169,99,69709,70,349
"South West",54,2013,2255,1906,175,125,70925,50,349
"South West",55,2002,2956,2259,105,176,80690,-71,697
"South West",55,2003,2568,1957,79,384,75531,-305,611
"South West",55,2004,2423,1804,147,400,69873,-253,619
"South West",55,2005,2050,1657,133,197,67459,-64,393
"South West",55,2006,1997,1671,101,150,65035,-49,326
"South West",55,2007,2244,1812,71,100,64197,-29,432
"South West",55,2008,1999,1642,87,282,64752,-195,357
"South West",55,2009,1773,1516,94,81,65083,13,257
"South West",55,2010,1897,1608,106,87,63634,19,289
"South West",55,2011,1969,1629,127,109,64918,18,340
"South West",55,2012,2155,1827,152,93,67731,59,328
"South West",55,2013,2250,1893,172,101,69879,71,357
"South West",56,2002,2369,1766,91,178,66370,-87,603
"South West",56,2003,2873,2108,75,388,80904,-313,765
"South West",56,2004,2636,1961,147,401,75474,-254,675
"South West",56,2005,2199,1724,135,215,69876,-80,475
"South West",56,2006,2207,1706,103,152,67579,-49,501
"South West",56,2007,2325,1863,80,107,65157,-27,462
"South West",56,2008,2001,1575,89,304,64076,-215,426
"South West",56,2009,1695,1424,93,85,64779,8,271
"South West",56,2010,1927,1604,110,93,65102,17,323
"South West",56,2011,1795,1505,128,120,63670,8,290
"South West",56,2012,2110,1741,145,102,65055,43,369
"South West",56,2013,2077,1789,163,101,67799,62,288
"South West",57,2002,2335,1736,93,161,65898,-68,599
"South West",57,2003,2210,1700,70,334,66186,-264,510
"South West",57,2004,2806,2124,126,341,81170,-215,682
"South West",57,2005,2296,1827,114,185,75426,-71,469
"South West",57,2006,2234,1733,85,145,69945,-60,501
"South West",57,2007,2308,1854,66,96,67709,-30,454
"South West",57,2008,1967,1519,71,266,65092,-195,448
"South West",57,2009,1560,1277,82,75,64048,7,283
"South West",57,2010,1801,1516,92,90,64828,2,285
"South West",57,2011,1782,1486,109,103,65086,6,296
"South West",57,2012,2010,1598,135,86,63862,49,412
"South West",57,2013,2090,1768,158,88,65159,70,322
"South West",58,2002,2352,1690,78,141,64251,-63,662
"South West",58,2003,2117,1551,60,279,65772,-219,566
"South West",58,2004,2314,1680,114,296,66150,-182,634
"South West",58,2005,2448,1866,92,153,81398,-61,582
"South West",58,2006,2313,1747,69,119,75450,-50,566
"South West",58,2007,2526,1916,53,81,70127,-28,610
"South West",58,2008,2025,1654,57,235,67534,-178,371
"South West",58,2009,1512,1265,73,65,65027,8,247
"South West",58,2010,1815,1460,79,77,64018,2,355
"South West",58,2011,1825,1441,100,80,64974,20,384
"South West",58,2012,1997,1660,151,88,65212,63,337
"South West",58,2013,1929,1564,149,105,63955,44,365
"South West",59,2002,2128,1520,69,126,61669,-57,608
"South West",59,2003,2175,1657,54,276,64174,-222,518
"South West",59,2004,2204,1687,110,297,65584,-187,517
"South West",59,2005,1822,1388,90,151,66042,-61,434
"South West",59,2006,2429,1815,72,112,81670,-40,614
"South West",59,2007,2546,1903,52,76,75535,-24,643
"South West",59,2008,2103,1575,60,230,70052,-170,528
"South West",59,2009,1693,1353,64,55,67486,9,340
"South West",59,2010,1865,1508,88,71,65017,17,357
"South West",59,2011,1758,1414,97,72,63987,25,344
"South West",59,2012,1972,1661,142,90,65031,52,311
"South West",59,2013,2013,1548,142,96,65405,46,465
"South West",60,2002,1906,1385,61,94,55275,-33,521
"South West",60,2003,2080,1510,58,121,61733,-63,570
"South West",60,2004,2344,1670,63,134,64341,-71,674
"South West",60,2005,1869,1393,232,351,65411,-119,476
"South West",60,2006,2062,1515,94,221,65949,-127,547
"South West",60,2007,2964,2137,94,270,81965,-176,827
"South West",60,2008,2283,1667,56,28,75633,28,616
"South West",60,2009,1720,1309,84,87,70037,-3,411
"South West",60,2010,1911,1487,93,64,67544,29,424
"South West",60,2011,1853,1456,86,80,65080,6,397
"South West",60,2012,2047,1588,143,101,64136,42,459
"South West",60,2013,2092,1629,137,110,65131,27,463
"South West",61,2002,1669,1170,68,87,51036,-19,499
"South West",61,2003,1810,1323,58,114,55297,-56,487
"South West",61,2004,1995,1446,64,120,61724,-56,549
"South West",61,2005,1959,1402,234,345,64401,-111,557
"South West",61,2006,1997,1475,84,232,65203,-148,522
"South West",61,2007,2358,1752,80,251,65832,-171,606
"South West",61,2008,2458,1821,49,23,82249,26,637
"South West",61,2009,1802,1363,86,83,75479,3,439
"South West",61,2010,2018,1554,94,62,70071,32,464
"South West",61,2011,1919,1420,76,76,67602,0,499
"South West",61,2012,2004,1506,151,93,65224,58,498
"South West",61,2013,1933,1481,143,99,64248,44,452
"South West",62,2002,1724,1248,47,71,53268,-24,476
"South West",62,2003,1562,1179,50,92,50886,-42,383
"South West",62,2004,1722,1282,49,93,55257,-44,440
"South West",62,2005,1668,1251,183,287,61557,-104,417
"South West",62,2006,1907,1318,67,163,64478,-96,589
"South West",62,2007,2179,1606,65,220,65004,-155,573
"South West",62,2008,1786,1383,36,23,65622,13,403
"South West",62,2009,1900,1451,64,62,82292,2,449
"South West",62,2010,2002,1580,67,47,75341,20,422
"South West",62,2011,1879,1439,64,66,70005,-2,440
"South West",62,2012,2102,1622,148,104,67703,44,480
"South West",62,2013,1946,1513,158,88,65308,70,433
"South West",63,2002,1659,1189,57,81,53003,-24,470
"South West",63,2003,1549,1200,54,92,52945,-38,349
"South West",63,2004,1469,1094,48,99,50640,-51,375
"South West",63,2005,1409,1006,184,284,55064,-100,403
"South West",63,2006,1638,1224,76,177,61310,-101,414
"South West",63,2007,2048,1547,64,220,64367,-156,501
"South West",63,2008,1758,1292,36,15,64843,21,466
"South West",63,2009,1363,1061,67,73,65302,-6,302
"South West",63,2010,2144,1652,64,45,82330,19,492
"South West",63,2011,1982,1464,64,63,75208,1,518
"South West",63,2012,1991,1549,176,68,70059,108,442
"South West",63,2013,2016,1476,158,88,67784,70,540
"South West",64,2002,1496,1087,47,60,52190,-13,409
"South West",64,2003,1508,1106,52,80,52830,-28,402
"South West",64,2004,1520,1203,47,78,52645,-31,317
"South West",64,2005,1189,932,178,259,50211,-81,257
"South West",64,2006,1463,1074,67,154,54889,-87,389
"South West",64,2007,1881,1438,60,198,60993,-138,443
"South West",64,2008,1595,1273,37,22,64184,15,322
"South West",64,2009,1212,944,60,54,64447,6,268
"South West",64,2010,1648,1324,59,42,64996,17,324
"South West",64,2011,1997,1558,58,55,82311,3,439
"South West",64,2012,2128,1669,161,74,75231,87,459
"South West",64,2013,1906,1487,157,81,70049,76,419
"South West",65,2002,1644,1144,64,97,51100,-33,500
"South West",65,2003,1498,1104,66,182,51804,-116,394
"South West",65,2004,1570,1202,75,206,52452,-131,368
"South West",65,2005,1225,951,53,107,52205,-54,274
"South West",65,2006,1255,989,107,380,49597,-273,266
"South West",65,2007,1703,1300,34,118,54632,-84,403
"South West",65,2008,1565,1194,205,215,60745,-10,371
"South West",65,2009,1309,1068,107,141,63854,-34,241
"South West",65,2010,1502,1206,103,65,64127,38,296
"South West",65,2011,1618,1314,96,83,64642,13,304
"South West",65,2012,2348,1687,138,76,82360,62,661
"South West",65,2013,2084,1631,122,78,75086,44,453
"South West",66,2002,1458,1074,57,94,49281,-37,384
"South West",66,2003,1247,997,52,145,50608,-93,250
"South West",66,2004,1366,1010,65,185,51413,-120,356
"South West",66,2005,1166,878,46,99,52062,-53,288
"South West",66,2006,1275,995,100,284,51619,-184,280
"South West",66,2007,1394,1053,14,71,49216,-57,341
"South West",66,2008,1345,1049,155,169,54328,-14,296
"South West",66,2009,1122,884,69,94,60267,-25,238
"South West",66,2010,1501,1226,85,46,63579,39,275
"South West",66,2011,1497,1122,64,64,63744,0,375
"South West",66,2012,1711,1336,130,66,64457,64,375
"South West",66,2013,2163,1700,115,60,82160,55,463
"South West",67,2002,1269,960,50,72,48279,-22,309
"South West",67,2003,1188,909,54,147,48786,-93,279
"South West",67,2004,1246,989,60,160,50070,-100,257
"South West",67,2005,1049,793,34,87,50944,-53,256
"South West",67,2006,1151,893,76,296,51479,-220,258
"South West",67,2007,1291,1043,30,82,51077,-52,248
"South West",67,2008,1124,879,155,165,48808,-10,245
"South West",67,2009,937,759,77,107,53887,-30,178
"South West",67,2010,1296,1018,72,54,59880,18,278
"South West",67,2011,1313,1052,73,65,63237,8,261
"South West",67,2012,1473,1186,109,39,63456,70,287
"South West",67,2013,1527,1246,110,40,64185,70,281
"South West",68,2002,1164,898,32,57,46432,-25,266
"South West",68,2003,1040,849,39,102,47742,-63,191
"South West",68,2004,1116,876,40,113,48199,-73,240
"South West",68,2005,894,736,26,61,49455,-35,158
"South West",68,2006,1044,790,63,213,50307,-150,254
"South West",68,2007,1275,1050,20,54,50982,-34,225
"South West",68,2008,1008,776,116,116,50534,0,232
"South West",68,2009,766,627,52,70,48177,-18,139
"South West",68,2010,1059,901,56,35,53444,21,158
"South West",68,2011,1195,914,54,46,59421,8,281
"South West",68,2012,1316,1180,96,65,62732,31,136
"South West",68,2013,1416,1201,112,61,63035,51,215
"South West",69,2002,1083,840,51,79,46654,-28,243
"South West",69,2003,985,771,48,130,45806,-82,214
"South West",69,2004,1073,831,51,162,47147,-111,242
"South West",69,2005,798,662,43,92,47541,-49,136
"South West",69,2006,1033,763,83,264,48758,-181,270
"South West",69,2007,1171,984,20,68,49656,-48,187
"South West",69,2008,928,768,142,168,50410,-26,160
"South West",69,2009,716,589,63,97,49842,-34,127
"South West",69,2010,923,784,67,63,47603,4,139
"South West",69,2011,993,813,61,64,52936,-3,180
"South West",69,2012,1221,1027,83,55,58887,28,194
"South West",69,2013,1262,1063,86,52,62263,34,199
"South West",70,2002,1031,787,29,42,46572,-13,244
"South West",70,2003,854,724,34,96,45865,-62,130
"South West",70,2004,964,796,31,80,45097,-49,168
"South West",70,2005,773,647,9,45,46497,-36,126
"South West",70,2006,885,757,47,156,46760,-109,128
"South West",70,2007,1030,849,17,48,48144,-31,181
"South West",70,2008,916,721,87,82,49061,5,195
"South West",70,2009,728,625,46,65,49688,-19,103
"South West",70,2010,940,782,40,28,49155,12,158
"South West",70,2011,817,752,55,40,46909,15,65
"South West",70,2012,1038,889,76,42,52404,34,149
"South West",70,2013,1174,985,81,37,58324,44,189
"South West",71,2002,993,860,29,39,46798,-10,133
"South West",71,2003,803,723,41,88,45688,-47,80
"South West",71,2004,832,686,33,82,45038,-49,146
"South West",71,2005,654,595,14,42,44322,-28,59
"South West",71,2006,830,685,34,149,45765,-115,145
"South West",71,2007,952,779,20,46,46074,-26,173
"South West",71,2008,788,639,80,84,47467,-4,149
"South West",71,2009,603,528,53,69,48283,-16,75
"South West",71,2010,812,729,42,34,48946,8,83
"South West",71,2011,843,722,55,41,48382,14,121
"South West",71,2012,886,732,59,43,46323,16,154
"South West",71,2013,998,861,86,44,51810,42,137
"South West",72,2002,980,814,34,48,45613,-14,166
"South West",72,2003,827,732,30,84,45757,-54,95
"South West",72,2004,891,745,29,78,44819,-49,146
"South West",72,2005,700,579,17,39,44235,-22,121
"South West",72,2006,730,641,41,129,43396,-88,89
"South West",72,2007,813,762,14,33,44939,-19,51
"South West",72,2008,790,613,76,76,45394,0,177
"South West",72,2009,563,495,30,54,46613,-24,68
"South West",72,2010,783,728,43,35,47404,8,55
"South West",72,2011,788,680,32,36,48214,-4,108
"South West",72,2012,830,734,68,53,47649,15,96
"South West",72,2013,810,762,70,32,45650,38,48
"South West",73,2002,862,702,29,30,43953,-1,160
"South West",73,2003,804,706,38,76,44499,-38,98
"South West",73,2004,782,680,27,71,44691,-44,102
"South West",73,2005,660,554,16,37,43805,-21,106
"South West",73,2006,657,620,36,119,43154,-83,37
"South West",73,2007,805,683,9,36,42593,-27,122
"South West",73,2008,655,546,62,73,44207,-11,109
"South West",73,2009,495,470,35,48,44444,-13,25
"South West",73,2010,693,675,36,24,45707,12,18
"South West",73,2011,700,602,42,35,46567,7,98
"South West",73,2012,872,753,70,13,47442,57,119
"South West",73,2013,872,788,68,16,46869,52,84
"South West",74,2002,785,686,18,30,42037,-12,99
"South West",74,2003,732,598,30,69,42779,-39,134
"South West",74,2004,825,658,26,59,43418,-33,167
"South West",74,2005,639,568,11,27,43486,-16,71
"South West",74,2006,671,627,29,125,42650,-96,44
"South West",74,2007,803,692,17,40,42163,-23,111
"South West",74,2008,603,520,66,54,41736,12,83
"South West",74,2009,518,447,43,44,43311,-1,71
"South West",74,2010,634,648,31,21,43460,10,-14
"South West",74,2011,595,552,47,30,44759,17,43
"South West",74,2012,759,664,51,10,45786,41,95
"South West",74,2013,760,738,55,4,46515,51,22
"South West",75,2002,781,675,17,24,41356,-7,106
"South West",75,2003,733,625,14,35,40793,-21,108
"South West",75,2004,750,667,19,45,41518,-26,83
"South West",75,2005,644,571,1,12,42241,-11,73
"South West",75,2006,713,615,20,72,42253,-52,98
"South West",75,2007,771,680,8,25,41563,-17,91
"South West",75,2008,583,553,36,25,41100,11,30
"South West",75,2009,462,442,12,23,40736,-11,20
"South West",75,2010,610,560,18,15,42412,3,50
"South West",75,2011,598,551,25,21,42516,4,47
"South West",75,2012,690,624,39,7,43893,32,66
"South West",75,2013,759,683,50,5,44855,45,76
"South West",76,2002,754,651,12,19,40261,-7,103
"South West",76,2003,678,593,14,33,39951,-19,85
"South West",76,2004,728,606,18,53,39465,-35,122
"South West",76,2005,638,531,6,10,40213,-4,107
"South West",76,2006,695,650,28,69,41017,-41,45
"South West",76,2007,771,677,12,27,41005,-15,94
"South West",76,2008,596,518,36,27,40520,9,78
"South West",76,2009,452,420,11,12,39975,-1,32
"South West",76,2010,586,526,21,16,39625,5,60
"South West",76,2011,586,546,19,13,41393,6,40
"South West",76,2012,627,588,44,15,41561,29,39
"South West",76,2013,645,636,39,7,42811,32,9
"South West",77,2002,714,641,11,12,38659,-1,73
"South West",77,2003,623,554,15,33,38739,-18,69
"South West",77,2004,735,611,18,42,38517,-24,124
"South West",77,2005,590,546,4,7,38075,-3,44
"South West",77,2006,600,597,20,61,38775,-41,3
"South West",77,2007,724,641,11,17,39737,-6,83
"South West",77,2008,635,564,33,27,39699,6,71
"South West",77,2009,448,383,14,16,39267,-2,65
"South West",77,2010,517,497,14,5,38823,9,20
"South West",77,2011,535,521,28,10,38523,18,14
"South West",77,2012,608,546,30,5,40332,25,62
"South West",77,2013,658,591,41,6,40441,35,67
"South West",78,2002,721,641,13,12,37670,1,80
"South West",78,2003,676,564,23,29,37017,-6,112
"South West",78,2004,700,634,18,28,37151,-10,66
"South West",78,2005,572,529,7,8,36957,-1,43
"South West",78,2006,568,506,9,61,36497,-52,62
"South West",78,2007,688,609,15,24,37427,-9,79
"South West",78,2008,569,544,28,24,38249,4,25
"South West",78,2009,454,406,21,21,38303,0,48
"South West",78,2010,544,558,11,14,37955,-3,-14
"South West",78,2011,510,486,22,15,37541,7,24
"South West",78,2012,587,532,32,6,37289,26,55
"South West",78,2013,601,596,18,1,39056,17,5
"South West",79,2002,752,599,3,7,36050,-4,153
"South West",79,2003,694,595,5,22,35900,-17,99
"South West",79,2004,699,642,5,31,35355,-26,57
"South West",79,2005,568,524,0,8,35459,-8,44
"South West",79,2006,584,549,9,37,35326,-28,35
"South West",79,2007,682,614,4,3,35092,1,68
"South West",79,2008,554,520,14,22,35897,-8,34
"South West",79,2009,475,440,0,2,36714,-2,35
"South West",79,2010,554,518,11,10,36891,1,36
"South West",79,2011,546,490,14,17,36589,-3,56
"South West",79,2012,602,522,31,3,36318,28,80
"South West",79,2013,602,571,33,3,35945,30,31
"South West",80,2002,774,645,4,3,35961,1,129
"South West",80,2003,655,548,12,2,34212,10,107
"South West",80,2004,662,610,5,1,34125,4,52
"South West",80,2005,600,570,4,0,33628,4,30
"South West",80,2006,593,546,12,13,33734,-1,47
"South West",80,2007,641,589,10,11,33571,-1,52
"South West",80,2008,560,494,24,10,33501,14,66
"South West",80,2009,454,436,10,13,34198,-3,18
"South West",80,2010,549,544,2,1,35165,1,5
"South West",80,2011,536,496,13,1,35352,12,40
"South West",80,2012,573,501,20,6,35202,14,72
"South West",80,2013,625,542,15,1,34906,14,83
"South West",81,2002,815,735,2,2,35943,0,80
"South West",81,2003,671,604,9,5,33849,4,67
"South West",81,2004,669,578,4,3,32254,1,91
"South West",81,2005,605,572,0,1,32207,-1,33
"South West",81,2006,577,534,3,18,31777,-15,43
"South West",81,2007,612,553,9,6,31917,3,59
"South West",81,2008,540,500,22,5,31833,17,40
"South West",81,2009,484,464,10,8,31687,2,20
"South West",81,2010,528,485,3,2,32497,1,43
"South West",81,2011,565,535,13,3,33590,10,30
"South West",81,2012,561,518,25,0,33741,25,43
"South West",81,2013,623,579,21,0,33613,21,44
"South West",82,2002,793,730,0,1,32385,-1,63
"South West",82,2003,723,664,7,3,33625,4,59
"South West",82,2004,657,610,1,0,31644,1,47
"South West",82,2005,583,502,2,0,30291,2,81
"South West",82,2006,622,543,4,1,30315,3,79
"South West",82,2007,688,656,0,7,29959,-7,32
"South West",82,2008,558,499,5,1,30065,4,59
"South West",82,2009,471,482,1,7,29895,-6,-11
"South West",82,2010,480,457,2,0,29959,2,23
"South West",82,2011,557,509,0,0,30777,0,48
"South West",82,2012,608,571,26,4,31923,22,37
"South West",82,2013,653,586,18,1,32008,17,67
"South West",83,2002,456,417,1,1,22601,0,39
"South West",83,2003,682,642,4,1,29853,3,40
"South West",83,2004,702,635,0,0,31184,0,67
"South West",83,2005,634,554,1,0,29589,1,80
"South West",83,2006,577,554,3,0,28377,3,23
"South West",83,2007,607,576,0,0,28294,0,31
"South West",83,2008,578,476,2,0,28149,2,102
"South West",83,2009,501,459,0,0,28167,0,42
"South West",83,2010,499,506,0,0,27952,0,-7
"South West",83,2011,509,476,0,0,28197,0,33
"South West",83,2012,567,533,15,1,28984,14,34
"South West",83,2013,607,589,18,0,30018,18,18
"South West",84,2002,450,387,7,4,18031,3,63
"South West",84,2003,423,383,11,6,20934,5,40
"South West",84,2004,729,643,7,6,27348,1,86
"South West",84,2005,617,562,2,2,28712,0,55
"South West",84,2006,593,612,3,22,27271,-19,-19
"South West",84,2007,613,541,8,10,26400,-2,72
"South West",84,2008,520,519,25,10,26272,15,1
"South West",84,2009,477,419,15,16,26201,-1,58
"South West",84,2010,518,494,5,3,26179,2,24
"South West",84,2011,561,495,13,4,25994,9,66
"South West",84,2012,494,435,9,0,26341,9,59
"South West",84,2013,590,564,13,0,26943,13,26
"South West",85,2002,458,448,5,4,18522,1,10
"South West",85,2003,410,325,16,9,16398,7,85
"South West",85,2004,468,433,1,6,19300,-5,35
"South West",85,2005,605,560,0,0,24834,0,45
"South West",85,2006,633,599,5,35,26293,-30,34
"South West",85,2007,602,564,9,10,25003,-1,38
"South West",85,2008,528,464,10,3,24309,7,64
"South West",85,2009,496,434,19,18,24127,1,62
"South West",85,2010,523,479,13,6,24234,7,44
"South West",85,2011,522,469,15,9,24106,6,53
"South West",85,2012,507,463,12,5,24062,7,44
"South West",85,2013,576,534,15,1,24347,14,42
"South West",86,2002,505,443,2,1,17556,1,62
"South West",86,2003,447,371,8,4,16726,4,76
"South West",86,2004,430,404,2,3,14663,-1,26
"South West",86,2005,378,332,0,0,17643,0,46
"South West",86,2006,626,527,4,13,22471,-9,99
"South West",86,2007,606,570,3,3,23866,0,36
"South West",86,2008,603,532,4,1,22771,3,71
"South West",86,2009,516,459,11,5,22141,6,57
"South West",86,2010,520,481,2,2,21968,0,39
"South West",86,2011,477,447,8,5,22209,3,30
"South West",86,2012,542,482,14,3,22047,11,60
"South West",86,2013,602,553,6,2,22084,4,49
"South West",87,2002,510,448,1,1,16484,0,62
"South West",87,2003,447,388,13,6,15610,7,59
"South West",87,2004,421,380,2,1,14839,1,41
"South West",87,2005,345,337,0,1,12999,-1,8
"South West",87,2006,367,338,0,15,15979,-15,29
"South West",87,2007,560,526,3,4,20041,-1,34
"South West",87,2008,547,505,2,2,21494,0,42
"South West",87,2009,479,433,10,8,20460,2,46
"South West",87,2010,466,480,2,3,19913,-1,-14
"South West",87,2011,456,418,8,3,19843,5,38
"South West",87,2012,507,464,11,2,20199,9,43
"South West",87,2013,529,481,6,2,19932,4,48
"South West",88,2002,483,432,1,0,14538,1,51
"South West",88,2003,468,382,3,2,14430,1,86
"South West",88,2004,429,370,0,0,13623,0,59
"South West",88,2005,425,363,0,1,13038,-1,62
"South West",88,2006,339,311,4,8,11561,-4,28
"South West",88,2007,335,276,0,1,14433,-1,59
"South West",88,2008,525,472,0,1,17588,-1,53
"South West",88,2009,462,411,2,2,19027,0,51
"South West",88,2010,496,491,0,1,18220,-1,5
"South West",88,2011,484,448,6,3,17782,3,36
"South West",88,2012,468,446,13,3,17783,10,22
"South West",88,2013,535,484,13,0,18035,13,51
"South West",89,2002,434,419,0,1,12347,-1,15
"South West",89,2003,448,392,1,0,12538,1,56
"South West",89,2004,397,365,0,1,12437,-1,32
"South West",89,2005,354,322,0,0,11752,0,32
"South West",89,2006,383,347,0,0,11371,0,36
"South West",89,2007,343,354,0,0,10042,0,-11
"South West",89,2008,287,251,0,0,12916,0,36
"South West",89,2009,487,466,0,0,15115,0,21
"South West",89,2010,456,468,0,0,16625,0,-12
"South West",89,2011,415,406,0,0,16082,0,9
"South West",89,2012,454,392,5,1,15735,4,62
"South West",89,2013,445,434,6,1,15547,5,11
"South West",90,2002,1670,1460,1,2,43740,-1,210
"South West",90,2003,1639,1409,4,0,45079,4,230
"South West",90,2004,1678,1507,0,0,46173,0,171
"South West",90,2005,1529,1467,1,1,47021,0,62
"South West",90,2006,1618,1531,0,1,47471,-1,87
"South West",90,2007,1579,1426,3,0,47734,3,153
"South West",90,2008,1567,1451,0,0,46339,0,116
"South West",90,2009,1448,1318,0,0,47818,0,130
"South West",90,2010,1638,1604,0,0,51158,0,34
"South West",90,2011,1755,1631,0,0,55225,0,124
"South West",90,2012,1896,1780,32,0,58388,32,116
"South West",90,2013,2006,1910,17,1,59923,16,96
"Wales",0,2002,1570,1329,71,61,30219,10,241
"Wales",0,2003,1548,1305,72,63,30939,9,243
"Wales",0,2004,1601,1352,64,65,31789,-1,249
"Wales",0,2005,1516,1378,62,60,32528,2,138
"Wales",0,2006,1614,1426,69,53,33420,16,188
"Wales",0,2007,1674,1541,131,79,33963,52,133
"Wales",0,2008,1651,1463,88,80,35602,8,188
"Wales",0,2009,1679,1628,61,48,35018,13,51
"Wales",0,2010,1738,1642,59,49,35439,10,96
"Wales",0,2011,1761,1661,85,56,36353,29,100
"Wales",0,2012,976,889,142,64,35555,78,87
"Wales",0,2013,871,821,91,35,34396,56,50
"Wales",1,2002,1608,1298,70,61,31891,9,310
"Wales",1,2003,1523,1245,65,65,30522,0,278
"Wales",1,2004,1616,1306,60,61,31206,-1,310
"Wales",1,2005,1450,1257,59,58,31934,1,193
"Wales",1,2006,1567,1350,64,51,32753,13,217
"Wales",1,2007,1623,1479,117,73,33690,44,144
"Wales",1,2008,1620,1406,81,73,34306,8,214
"Wales",1,2009,1592,1566,58,43,35708,15,26
"Wales",1,2010,1640,1548,52,44,35177,8,92
"Wales",1,2011,1667,1610,74,50,35706,24,57
"Wales",1,2012,1867,1754,197,55,36594,142,113
"Wales",1,2013,1801,1676,192,27,35826,165,125
"Wales",2,2002,1558,1287,71,55,32398,16,271
"Wales",2,2003,1493,1204,65,59,32185,6,289
"Wales",2,2004,1441,1183,64,60,30823,4,258
"Wales",2,2005,1322,1210,58,57,31315,1,112
"Wales",2,2006,1382,1259,67,51,32047,16,123
"Wales",2,2007,1541,1377,127,70,32991,57,164
"Wales",2,2008,1473,1365,86,73,33933,13,108
"Wales",2,2009,1425,1385,62,46,34497,16,40
"Wales",2,2010,1568,1441,58,48,35929,10,127
"Wales",2,2011,1577,1528,77,47,35339,30,49
"Wales",2,2012,1766,1720,154,56,35847,98,46
"Wales",2,2013,1655,1626,183,30,36766,153,29
"Wales",3,2002,1526,1361,64,49,33569,15,165
"Wales",3,2003,1389,1093,57,52,32755,5,296
"Wales",3,2004,1390,1110,55,54,32484,1,280
"Wales",3,2005,1154,1100,51,51,30930,0,54
"Wales",3,2006,1209,1109,52,45,31422,7,100
"Wales",3,2007,1312,1144,108,61,32243,47,168
"Wales",3,2008,1316,1175,68,65,33152,3,141
"Wales",3,2009,1266,1236,49,40,34099,9,30
"Wales",3,2010,1349,1282,49,40,34712,9,67
"Wales",3,2011,1389,1292,66,38,36135,28,97
"Wales",3,2012,1598,1498,151,61,35525,90,100
"Wales",3,2013,1486,1384,152,25,36079,127,102
"Wales",4,2002,1375,1179,62,47,34730,15,196
"Wales",4,2003,1368,1071,55,52,33952,3,297
"Wales",4,2004,1266,1052,55,51,33035,4,214
"Wales",4,2005,1063,987,51,49,32573,2,76
"Wales",4,2006,1166,978,55,42,31177,13,188
"Wales",4,2007,1127,1003,107,59,31586,48,124
"Wales",4,2008,1206,1080,69,61,32354,8,126
"Wales",4,2009,1094,1042,46,38,33234,8,52
"Wales",4,2010,1087,1020,51,39,34296,12,67
"Wales",4,2011,1162,1121,68,38,34922,30,41
"Wales",4,2012,1332,1219,153,71,36328,82,113
"Wales",4,2013,1326,1245,132,28,35710,104,81
"Wales",5,2002,1235,1047,55,41,36040,14,188
"Wales",5,2003,1223,1009,45,35,35026,10,214
"Wales",5,2004,1179,969,59,54,34259,5,210
"Wales",5,2005,950,854,30,71,33154,-41,96
"Wales",5,2006,998,846,25,33,32730,-8,152
"Wales",5,2007,995,873,87,60,31366,27,122
"Wales",5,2008,962,892,62,44,31665,18,70
"Wales",5,2009,948,885,69,32,32439,37,63
"Wales",5,2010,985,952,54,62,33277,-8,33
"Wales",5,2011,999,933,31,39,34473,-8,66
"Wales",5,2012,1172,1070,112,69,35066,43,102
"Wales",5,2013,1108,1088,132,23,36457,109,20
"Wales",6,2002,1175,963,56,37,35927,19,212
"Wales",6,2003,1154,927,44,32,36367,12,227
"Wales",6,2004,1064,865,56,46,35303,10,199
"Wales",6,2005,994,857,31,64,34445,-33,137
"Wales",6,2006,943,799,24,29,33345,-5,144
"Wales",6,2007,947,794,80,52,32916,28,153
"Wales",6,2008,922,788,56,39,31562,17,134
"Wales",6,2009,801,808,64,29,31691,35,-7
"Wales",6,2010,812,770,47,56,32453,-9,42
"Wales",6,2011,864,855,29,33,33298,-4,9
"Wales",6,2012,1063,965,87,50,34605,37,98
"Wales",6,2013,1050,1027,107,30,35170,77,23
"Wales",7,2002,1139,955,51,35,36073,16,184
"Wales",7,2003,1057,827,46,32,36188,14,230
"Wales",7,2004,1078,845,54,44,36707,10,233
"Wales",7,2005,903,772,33,68,35465,-35,131
"Wales",7,2006,1003,838,25,32,34688,-7,165
"Wales",7,2007,924,813,77,54,33539,23,111
"Wales",7,2008,804,760,53,41,32991,12,44
"Wales",7,2009,821,751,66,27,31724,39,70
"Wales",7,2010,752,750,48,53,31690,-5,2
"Wales",7,2011,792,743,30,40,32468,-10,49
"Wales",7,2012,969,862,107,46,33465,61,107
"Wales",7,2013,892,830,92,32,34727,60,62
"Wales",8,2002,1134,912,51,35,37118,16,222
"Wales",8,2003,1100,916,40,29,36305,11,184
"Wales",8,2004,1041,817,54,47,36443,7,224
"Wales",8,2005,946,787,28,68,36909,-40,159
"Wales",8,2006,888,788,22,31,35623,-9,100
"Wales",8,2007,939,822,76,57,34910,19,117
"Wales",8,2008,807,741,56,41,33684,15,66
"Wales",8,2009,718,677,63,28,33084,35,41
"Wales",8,2010,758,765,46,53,31761,-7,-7
"Wales",8,2011,753,685,30,40,31743,-10,68
"Wales",8,2012,860,831,92,31,32557,61,29
"Wales",8,2013,865,821,95,18,33582,77,44
"Wales",9,2002,1113,975,49,34,37844,15,138
"Wales",9,2003,1061,844,41,28,37454,13,217
"Wales",9,2004,1031,787,52,43,36596,9,244
"Wales",9,2005,884,814,25,64,36496,-39,70
"Wales",9,2006,883,788,18,31,37078,-13,95
"Wales",9,2007,900,810,71,54,35795,17,90
"Wales",9,2008,799,763,53,39,35042,14,36
"Wales",9,2009,821,727,61,27,33871,34,94
"Wales",9,2010,693,710,44,50,33077,-6,-17
"Wales",9,2011,732,670,27,38,31862,-11,62
"Wales",9,2012,839,781,94,21,31872,73,58
"Wales",9,2013,778,751,82,13,32652,69,27
"Wales",10,2002,1064,923,68,32,39341,36,141
"Wales",10,2003,1084,803,77,43,38165,34,281
"Wales",10,2004,1044,835,37,58,37757,-21,209
"Wales",10,2005,918,826,54,79,36694,-25,92
"Wales",10,2006,795,736,58,61,36568,-3,59
"Wales",10,2007,930,780,68,48,37343,20,150
"Wales",10,2008,792,720,43,57,35915,-14,72
"Wales",10,2009,760,709,52,42,35184,10,51
"Wales",10,2010,735,704,41,21,33985,20,31
"Wales",10,2011,738,689,24,17,33144,7,49
"Wales",10,2012,694,707,111,27,31933,84,-13
"Wales",10,2013,733,676,77,17,31987,60,57
"Wales",11,2002,1083,939,65,31,39794,34,144
"Wales",11,2003,1073,858,67,38,39549,29,215
"Wales",11,2004,991,819,34,55,38336,-21,172
"Wales",11,2005,886,749,54,74,37986,-20,137
"Wales",11,2006,794,717,57,59,36810,-2,77
"Wales",11,2007,815,736,66,46,36680,20,79
"Wales",11,2008,823,769,41,55,37475,-14,54
"Wales",11,2009,697,680,48,40,36008,8,17
"Wales",11,2010,733,685,37,22,35338,15,48
"Wales",11,2011,706,686,21,17,34061,4,20
"Wales",11,2012,756,700,103,19,33285,84,56
"Wales",11,2013,678,637,83,10,32046,73,41
"Wales",12,2002,1071,911,67,28,38961,39,160
"Wales",12,2003,1037,837,65,34,40033,31,200
"Wales",12,2004,974,797,36,55,39676,-19,177
"Wales",12,2005,892,757,53,71,38459,-18,135
"Wales",12,2006,836,737,55,56,38190,-1,99
"Wales",12,2007,824,734,67,42,36960,25,90
"Wales",12,2008,789,697,39,54,36775,-15,92
"Wales",12,2009,765,760,52,40,37580,12,5
"Wales",12,2010,757,762,38,22,36087,16,-5
"Wales",12,2011,743,761,24,18,35411,6,-18
"Wales",12,2012,740,689,100,18,34192,82,51
"Wales",12,2013,681,648,80,6,33389,74,33
"Wales",13,2002,928,825,59,27,39394,32,103
"Wales",13,2003,946,809,65,39,39055,26,137
"Wales",13,2004,905,746,30,53,40177,-23,159
"Wales",13,2005,851,732,47,66,39741,-19,119
"Wales",13,2006,803,738,48,49,38537,-1,65
"Wales",13,2007,838,745,52,37,38413,15,93
"Wales",13,2008,753,711,35,50,37028,-15,42
"Wales",13,2009,685,634,45,37,36858,8,51
"Wales",13,2010,671,700,30,21,37654,9,-29
"Wales",13,2011,694,662,22,17,36193,5,32
"Wales",13,2012,769,691,102,25,35560,77,78
"Wales",13,2013,675,622,95,13,34322,82,53
"Wales",14,2002,964,867,64,27,39445,37,97
"Wales",14,2003,894,776,64,36,39406,28,118
"Wales",14,2004,902,759,35,54,39110,-19,143
"Wales",14,2005,901,756,49,68,40300,-19,145
"Wales",14,2006,845,763,51,53,39785,-2,82
"Wales",14,2007,863,729,57,40,38699,17,134
"Wales",14,2008,822,730,35,54,38593,-19,92
"Wales",14,2009,778,739,46,37,37111,9,39
"Wales",14,2010,711,722,38,23,36883,15,-11
"Wales",14,2011,684,651,25,18,37788,7,33
"Wales",14,2012,762,782,112,21,36258,91,-20
"Wales",14,2013,735,719,79,19,35636,60,16
"Wales",15,2002,819,761,113,58,38807,55,58
"Wales",15,2003,906,784,151,37,39447,114,122
"Wales",15,2004,888,775,129,47,39430,82,113
"Wales",15,2005,802,727,128,32,39187,96,75
"Wales",15,2006,803,737,137,33,40459,104,66
"Wales",15,2007,858,769,165,24,39961,141,89
"Wales",15,2008,720,708,180,49,38834,131,12
"Wales",15,2009,722,698,183,31,38859,152,24
"Wales",15,2010,711,695,131,46,37233,85,16
"Wales",15,2011,656,672,106,28,36945,78,-16
"Wales",15,2012,796,747,115,41,37910,74,49
"Wales",15,2013,775,701,107,15,36420,92,74
"Wales",16,2002,795,790,135,61,37989,74,5
"Wales",16,2003,862,795,183,48,38728,135,67
"Wales",16,2004,810,711,147,53,39442,94,99
"Wales",16,2005,735,739,154,38,39421,116,-4
"Wales",16,2006,775,770,150,37,39246,113,5
"Wales",16,2007,858,864,195,30,40616,165,-6
"Wales",16,2008,743,726,215,58,40115,157,17
"Wales",16,2009,821,800,214,39,39039,175,21
"Wales",16,2010,718,762,163,56,39025,107,-44
"Wales",16,2011,670,675,131,33,37354,98,-5
"Wales",16,2012,688,700,131,89,36971,42,-12
"Wales",16,2013,760,768,122,31,37990,91,-8
"Wales",17,2002,1085,1079,169,72,38730,97,6
"Wales",17,2003,1073,997,222,51,37960,171,76
"Wales",17,2004,1067,1079,174,55,38610,119,-12
"Wales",17,2005,1075,1043,186,41,39432,145,32
"Wales",17,2006,1012,982,190,47,39493,143,30
"Wales",17,2007,1029,1021,240,38,39403,202,8
"Wales",17,2008,1007,996,269,78,40869,191,11
"Wales",17,2009,996,1003,274,51,40271,223,-7
"Wales",17,2010,889,974,206,75,39088,131,-85
"Wales",17,2011,902,937,174,35,39238,139,-35
"Wales",17,2012,1036,1058,189,142,37383,47,-22
"Wales",17,2013,981,1022,184,73,37056,111,-41
"Wales",18,2002,2458,2281,276,110,36866,166,177
"Wales",18,2003,2531,2306,363,91,38976,272,225
"Wales",18,2004,2476,2231,323,97,38232,226,245
"Wales",18,2005,2444,2277,362,87,38742,275,167
"Wales",18,2006,2490,2142,365,88,39780,277,348
"Wales",18,2007,2463,2165,459,71,40018,388,298
"Wales",18,2008,2401,2098,523,147,39992,376,303
"Wales",18,2009,2614,2294,531,106,41552,425,320
"Wales",18,2010,2623,2219,414,148,40876,266,404
"Wales",18,2011,2468,2046,354,77,39797,277,422
"Wales",18,2012,2824,2085,434,163,40243,271,739
"Wales",18,2013,2359,2061,311,99,37860,212,298
"Wales",19,2002,8634,7819,419,170,37014,249,815
"Wales",19,2003,9081,7855,555,147,38316,408,1226
"Wales",19,2004,9045,8268,523,160,39946,363,777
"Wales",19,2005,9021,7742,606,154,39717,452,1279
"Wales",19,2006,9328,7915,603,151,40296,452,1413
"Wales",19,2007,9359,7914,764,117,41670,647,1445
"Wales",19,2008,9103,7515,871,244,42049,627,1588
"Wales",19,2009,9655,7815,893,185,42384,708,1840
"Wales",19,2010,10583,8252,715,260,44327,455,2331
"Wales",19,2011,9797,7558,622,139,43550,483,2239
"Wales",19,2012,11554,7860,669,287,43831,382,3694
"Wales",19,2013,9765,7858,632,149,42615,483,1907
"Wales",20,2002,5074,4761,536,283,36561,253,313
"Wales",20,2003,5434,4787,482,348,37794,134,647
"Wales",20,2004,5423,4881,603,253,39133,350,542
"Wales",20,2005,5341,4662,696,323,40807,373,679
"Wales",20,2006,5393,4578,766,211,40802,555,815
"Wales",20,2007,5041,4449,934,312,41242,622,592
"Wales",20,2008,5375,4692,826,263,42616,563,683
"Wales",20,2009,5786,4883,824,438,43135,386,903
"Wales",20,2010,5700,4577,885,483,43812,402,1123
"Wales",20,2011,5842,4557,831,412,46017,419,1285
"Wales",20,2012,6842,5625,668,378,45036,290,1217
"Wales",20,2013,5690,5610,706,189,44425,517,80
"Wales",21,2002,4090,5044,696,337,37437,359,-954
"Wales",21,2003,4134,4910,614,447,36106,167,-776
"Wales",21,2004,4295,4916,792,306,37754,486,-621
"Wales",21,2005,4242,4997,906,400,38722,506,-755
"Wales",21,2006,4408,5098,1029,258,40615,771,-690
"Wales",21,2007,4402,5204,1216,386,40641,830,-802
"Wales",21,2008,4281,5165,1096,342,40810,754,-884
"Wales",21,2009,4808,5591,1092,561,42120,531,-783
"Wales",21,2010,4280,4547,1174,622,43249,552,-267
"Wales",21,2011,4246,4488,1104,532,44037,572,-242
"Wales",21,2012,5123,5554,722,480,45809,242,-431
"Wales",21,2013,4941,5576,700,241,44830,459,-635
"Wales",22,2002,4265,5451,821,410,37248,411,-1186
"Wales",22,2003,4629,5441,723,536,36934,187,-812
"Wales",22,2004,4436,5285,930,375,36064,555,-849
"Wales",22,2005,5353,6116,1066,485,37615,581,-763
"Wales",22,2006,5566,6304,1220,310,38682,910,-738
"Wales",22,2007,5795,6447,1432,465,40734,967,-652
"Wales",22,2008,5656,6474,1293,405,40423,888,-818
"Wales",22,2009,5826,6865,1286,662,40127,624,-1039
"Wales",22,2010,5884,6712,1376,743,41688,633,-828
"Wales",22,2011,5654,6804,1297,643,42603,654,-1150
"Wales",22,2012,5386,6378,897,535,43404,362,-992
"Wales",22,2013,5422,6838,876,310,44953,566,-1416
"Wales",23,2002,3621,4662,664,392,33547,272,-1041
"Wales",23,2003,3962,4669,651,537,36789,114,-707
"Wales",23,2004,4059,4687,762,350,36960,412,-628
"Wales",23,2005,4241,5019,908,435,35961,473,-778
"Wales",23,2006,4527,5332,945,316,37407,629,-805
"Wales",23,2007,4734,5525,1209,451,38512,758,-791
"Wales",23,2008,4662,5519,1046,409,40302,637,-857
"Wales",23,2009,4654,5703,1058,652,39570,406,-1049
"Wales",23,2010,4778,5558,1148,731,39485,417,-780
"Wales",23,2011,5021,5957,1084,617,40992,467,-936
"Wales",23,2012,4267,5373,795,543,41719,252,-1106
"Wales",23,2013,4447,5692,842,334,42622,508,-1245
"Wales",24,2002,2808,3357,582,370,30299,212,-549
"Wales",24,2003,3039,3558,598,526,33326,72,-519
"Wales",24,2004,3406,3817,659,329,36921,330,-411
"Wales",24,2005,3427,4183,793,391,36748,402,-756
"Wales",24,2006,3468,3979,805,309,36069,496,-511
"Wales",24,2007,3818,4466,1061,431,37416,630,-648
"Wales",24,2008,3618,4281,904,397,38196,507,-663
"Wales",24,2009,3763,4569,914,623,39592,291,-806
"Wales",24,2010,3744,4463,987,694,38899,293,-719
"Wales",24,2011,3751,4388,934,582,38927,352,-637
"Wales",24,2012,3606,4393,648,636,40204,12,-787
"Wales",24,2013,3618,4503,660,321,41150,339,-885
"Wales",25,2002,2513,2821,494,314,30098,180,-308
"Wales",25,2003,2547,2807,580,575,30249,5,-260
"Wales",25,2004,2769,3074,460,284,33496,176,-305
"Wales",25,2005,3016,3491,688,556,36742,132,-475
"Wales",25,2006,3050,3533,554,311,36617,243,-483
"Wales",25,2007,3121,3461,870,443,36339,427,-340
"Wales",25,2008,3099,3536,893,671,37220,222,-437
"Wales",25,2009,3191,3764,755,643,37589,112,-573
"Wales",25,2010,3244,3722,723,932,38688,-209,-478
"Wales",25,2011,3305,3790,668,682,38160,-14,-485
"Wales",25,2012,2969,3566,564,604,38275,-40,-597
"Wales",25,2013,3088,3850,636,317,39734,319,-762
"Wales",26,2002,2432,2666,442,277,30436,165,-234
"Wales",26,2003,2387,2550,523,497,30145,26,-163
"Wales",26,2004,2471,2570,425,273,30570,152,-99
"Wales",26,2005,2604,2924,631,504,33558,127,-320
"Wales",26,2006,2782,3065,494,282,36783,212,-283
"Wales",26,2007,2854,3156,782,391,36862,391,-302
"Wales",26,2008,2831,3197,801,605,36320,196,-366
"Wales",26,2009,2891,3284,676,566,36961,110,-393
"Wales",26,2010,2735,3220,644,786,36799,-142,-485
"Wales",26,2011,2900,3291,600,579,38104,21,-391
"Wales",26,2012,2933,3351,556,618,37667,-62,-418
"Wales",26,2013,2855,3275,567,307,38090,260,-420
"Wales",27,2002,2487,2543,414,244,31448,170,-56
"Wales",27,2003,2379,2380,481,427,30661,54,-1
"Wales",27,2004,2421,2379,389,225,30607,164,42
"Wales",27,2005,2416,2485,565,428,30848,137,-69
"Wales",27,2006,2538,2717,448,247,33789,201,-179
"Wales",27,2007,2771,2936,718,332,37153,386,-165
"Wales",27,2008,2615,2870,741,506,36975,235,-255
"Wales",27,2009,2648,3054,624,471,36254,153,-406
"Wales",27,2010,2654,2884,594,641,36704,-47,-230
"Wales",27,2011,2607,2819,555,471,36506,84,-212
"Wales",27,2012,2716,3079,448,558,37575,-110,-363
"Wales",27,2013,2769,3099,491,259,37550,232,-330
"Wales",28,2002,2343,2266,385,219,32773,166,77
"Wales",28,2003,2487,2173,441,361,31970,80,314
"Wales",28,2004,2368,2203,360,203,31221,157,165
"Wales",28,2005,2337,2225,525,388,31038,137,112
"Wales",28,2006,2196,2349,413,222,31080,191,-153
"Wales",28,2007,2454,2518,668,293,34361,375,-64
"Wales",28,2008,2655,2728,685,458,37473,227,-73
"Wales",28,2009,2428,2705,583,429,37030,154,-277
"Wales",28,2010,2362,2599,545,578,36146,-33,-237
"Wales",28,2011,2546,2650,515,423,36706,92,-104
"Wales",28,2012,2533,2773,400,500,36132,-100,-240
"Wales",28,2013,2462,2783,438,280,37408,158,-321
"Wales",29,2002,2344,2269,354,199,35053,155,75
"Wales",29,2003,2332,2139,413,324,33182,89,193
"Wales",29,2004,2275,2060,327,182,32558,145,215
"Wales",29,2005,2248,2206,489,351,31573,138,42
"Wales",29,2006,2065,2203,388,202,31271,186,-138
"Wales",29,2007,2179,2178,622,266,31656,356,1
"Wales",29,2008,2341,2390,639,411,34791,228,-49
"Wales",29,2009,2328,2597,545,384,37523,161,-269
"Wales",29,2010,2274,2389,513,522,37055,-9,-115
"Wales",29,2011,2211,2419,477,381,36192,96,-208
"Wales",29,2012,2387,2533,382,470,36437,-88,-146
"Wales",29,2013,2262,2539,415,216,36037,199,-277
"Wales",30,2002,2238,2131,266,243,37637,23,107
"Wales",30,2003,2298,2186,255,285,35259,-30,112
"Wales",30,2004,2295,2066,253,292,33592,-39,229
"Wales",30,2005,2072,1992,331,306,32778,25,80
"Wales",30,2006,2048,2025,328,212,31874,116,23
"Wales",30,2007,2119,2043,391,284,31663,107,76
"Wales",30,2008,2050,2027,492,281,32097,211,23
"Wales",30,2009,2086,2199,484,345,35054,139,-113
"Wales",30,2010,2205,2267,326,458,37468,-132,-62
"Wales",30,2011,2152,2210,296,361,37082,-65,-58
"Wales",30,2012,2271,2440,305,432,35902,-127,-169
"Wales",30,2013,2266,2415,356,229,36374,127,-149
"Wales",31,2002,2425,2242,238,220,39169,18,183
"Wales",31,2003,2191,1929,228,256,37981,-28,262
"Wales",31,2004,2119,1961,230,263,35614,-33,158
"Wales",31,2005,2020,1854,298,273,33925,25,166
"Wales",31,2006,2055,1947,303,191,33126,112,108
"Wales",31,2007,1999,1961,341,259,32179,82,38
"Wales",31,2008,1861,1761,442,261,32143,181,100
"Wales",31,2009,1926,1921,439,314,32438,125,5
"Wales",31,2010,2024,2052,297,424,35127,-127,-28
"Wales",31,2011,2051,2156,267,328,37441,-61,-105
"Wales",31,2012,2183,2247,298,383,36905,-85,-64
"Wales",31,2013,2121,2164,310,228,35881,82,-43
"Wales",32,2002,2119,1910,218,208,38926,10,209
"Wales",32,2003,2330,1991,225,243,39652,-18,339
"Wales",32,2004,2207,1824,211,240,38548,-29,383
"Wales",32,2005,2033,1776,277,256,36000,21,257
"Wales",32,2006,1882,1820,273,174,34225,99,62
"Wales",32,2007,1932,1827,323,244,33446,79,105
"Wales",32,2008,1826,1741,405,238,32604,167,85
"Wales",32,2009,1702,1729,408,279,32442,129,-27
"Wales",32,2010,1787,1740,273,400,32565,-127,47
"Wales",32,2011,1884,1940,244,307,35229,-63,-56
"Wales",32,2012,2127,2163,229,351,37246,-122,-36
"Wales",32,2013,2044,2165,266,164,36854,102,-121
"Wales",33,2002,2041,1893,201,192,40391,9,148
"Wales",33,2003,2034,1744,199,222,39269,-23,290
"Wales",33,2004,2194,1852,188,215,40204,-27,342
"Wales",33,2005,1970,1734,248,227,38912,21,236
"Wales",33,2006,1917,1670,248,159,36449,89,247
"Wales",33,2007,1875,1662,287,220,34639,67,213
"Wales",33,2008,1830,1624,358,213,33933,145,206
"Wales",33,2009,1556,1548,364,249,32899,115,8
"Wales",33,2010,1578,1538,248,362,32551,-114,40
"Wales",33,2011,1608,1619,222,275,32708,-53,-11
"Wales",33,2012,1884,1833,215,362,35108,-147,51
"Wales",33,2013,1886,1898,233,174,37241,59,-12
"Wales",34,2002,1910,1666,187,184,40497,3,244
"Wales",34,2003,2037,1727,186,212,40806,-26,310
"Wales",34,2004,1941,1622,183,208,39716,-25,319
"Wales",34,2005,1938,1793,239,220,40530,19,145
"Wales",34,2006,1852,1680,237,152,39274,85,172
"Wales",34,2007,1856,1663,276,210,36847,66,193
"Wales",34,2008,1714,1502,347,204,35119,143,212
"Wales",34,2009,1628,1495,342,233,34302,109,133
"Wales",34,2010,1549,1533,235,342,32959,-107,16
"Wales",34,2011,1540,1506,214,257,32737,-43,34
"Wales",34,2012,1643,1685,203,321,32521,-118,-42
"Wales",34,2013,1711,1691,230,142,35167,88,20
"Wales",35,2002,1839,1560,184,141,41623,43,279
"Wales",35,2003,1867,1604,246,251,40858,-5,263
"Wales",35,2004,1990,1602,141,137,41394,4,388
"Wales",35,2005,1641,1509,253,275,39885,-22,132
"Wales",35,2006,1838,1680,217,160,40915,57,158
"Wales",35,2007,1861,1644,299,165,39714,134,217
"Wales",35,2008,1670,1549,280,181,37192,99,121
"Wales",35,2009,1494,1501,259,203,35301,56,-7
"Wales",35,2010,1488,1506,199,342,34276,-143,-18
"Wales",35,2011,1417,1382,173,295,33047,-122,35
"Wales",35,2012,1488,1501,162,291,32571,-129,-13
"Wales",35,2013,1480,1507,177,177,32440,0,-27
"Wales",36,2002,1804,1579,161,128,42268,33,225
"Wales",36,2003,1846,1441,222,227,42089,-5,405
"Wales",36,2004,1769,1478,131,123,41328,8,291
"Wales",36,2005,1657,1487,224,244,41695,-20,170
"Wales",36,2006,1601,1386,201,142,40232,59,215
"Wales",36,2007,1756,1517,268,150,41433,118,239
"Wales",36,2008,1548,1469,250,165,39997,85,79
"Wales",36,2009,1500,1418,228,183,37443,45,82
"Wales",36,2010,1508,1434,182,309,35379,-127,74
"Wales",36,2011,1366,1304,161,261,34363,-100,62
"Wales",36,2012,1461,1416,179,264,32980,-85,45
"Wales",36,2013,1420,1312,179,133,32702,46,108
"Wales",37,2002,1633,1398,152,127,43235,25,235
"Wales",37,2003,1618,1328,210,213,42568,-3,290
"Wales",37,2004,1675,1362,128,122,42520,6,313
"Wales",37,2005,1531,1351,215,245,41553,-30,180
"Wales",37,2006,1576,1416,193,143,42027,50,160
"Wales",37,2007,1606,1373,255,151,40642,104,233
"Wales",37,2008,1597,1434,244,169,41818,75,163
"Wales",37,2009,1396,1350,228,192,40189,36,46
"Wales",37,2010,1338,1240,178,309,37528,-131,98
"Wales",37,2011,1305,1243,155,265,35451,-110,62
"Wales",37,2012,1468,1419,152,260,34284,-108,49
"Wales",37,2013,1386,1396,162,131,32989,31,-10
"Wales",38,2002,1535,1226,148,120,43489,28,309
"Wales",38,2003,1588,1309,202,208,43525,-6,279
"Wales",38,2004,1665,1318,115,115,42997,0,347
"Wales",38,2005,1508,1268,196,225,42806,-29,240
"Wales",38,2006,1450,1325,174,128,41832,46,125
"Wales",38,2007,1566,1326,232,136,42512,96,240
"Wales",38,2008,1446,1297,227,157,40947,70,149
"Wales",38,2009,1356,1305,205,175,42060,30,51
"Wales",38,2010,1332,1261,157,287,40236,-130,71
"Wales",38,2011,1316,1248,135,242,37618,-107,68
"Wales",38,2012,1378,1309,169,247,35366,-78,69
"Wales",38,2013,1288,1303,150,91,34258,59,-15
"Wales",39,2002,1481,1254,138,112,42779,26,227
"Wales",39,2003,1538,1201,183,184,43838,-1,337
"Wales",39,2004,1522,1220,104,102,43913,2,302
"Wales",39,2005,1388,1179,179,199,43171,-20,209
"Wales",39,2006,1385,1193,155,121,43104,34,192
"Wales",39,2007,1456,1251,216,125,42230,91,205
"Wales",39,2008,1293,1200,207,144,42802,63,93
"Wales",39,2009,1215,1145,187,155,41105,32,70
"Wales",39,2010,1327,1260,145,256,42182,-111,67
"Wales",39,2011,1212,1200,128,214,40252,-86,12
"Wales",39,2012,1280,1233,154,210,37570,-56,47
"Wales",39,2013,1236,1245,165,109,35380,56,-9
"Wales",40,2002,1419,1208,139,119,42339,20,211
"Wales",40,2003,1467,1151,123,206,43020,-83,316
"Wales",40,2004,1463,1115,88,128,44245,-40,348
"Wales",40,2005,1347,1180,136,172,44070,-36,167
"Wales",40,2006,1284,1179,114,138,43264,-24,105
"Wales",40,2007,1391,1180,195,164,43413,31,211
"Wales",40,2008,1328,1175,181,221,42435,-40,153
"Wales",40,2009,1267,1164,181,163,43053,18,103
"Wales",40,2010,1193,1102,143,356,41047,-213,91
"Wales",40,2011,1237,1176,73,193,42278,-120,61
"Wales",40,2012,1300,1235,132,216,40164,-84,65
"Wales",40,2013,1188,1122,121,84,37635,37,66
"Wales",41,2002,1289,1053,125,113,41314,12,236
"Wales",41,2003,1421,1096,115,194,42611,-79,325
"Wales",41,2004,1366,1126,83,118,43253,-35,240
"Wales",41,2005,1274,1045,121,161,44450,-40,229
"Wales",41,2006,1295,1041,103,125,44328,-22,254
"Wales",41,2007,1392,1245,175,151,43443,24,147
"Wales",41,2008,1261,1121,162,201,43563,-39,140
"Wales",41,2009,1172,1082,166,153,42601,13,90
"Wales",41,2010,1190,1108,127,323,43055,-196,82
"Wales",41,2011,1115,1044,64,180,41058,-116,71
"Wales",41,2012,1308,1225,114,181,42213,-67,83
"Wales",41,2013,1189,1145,133,98,40192,35,44
"Wales",42,2002,1214,1018,118,104,39672,14,196
"Wales",42,2003,1178,966,104,177,41476,-73,212
"Wales",42,2004,1289,1018,73,106,42909,-33,271
"Wales",42,2005,1204,1001,110,143,43413,-33,203
"Wales",42,2006,1187,1032,92,113,44589,-21,155
"Wales",42,2007,1249,1090,155,130,44488,25,159
"Wales",42,2008,1185,1037,144,179,43560,-35,148
"Wales",42,2009,1190,1032,155,135,43801,20,158
"Wales",42,2010,1056,1038,120,282,42524,-162,18
"Wales",42,2011,1147,1073,55,163,43126,-108,74
"Wales",42,2012,1219,1139,117,178,41009,-61,80
"Wales",42,2013,1228,1137,123,92,42282,31,91
"Wales",43,2002,1129,911,107,94,39437,13,218
"Wales",43,2003,1129,856,98,151,39922,-53,273
"Wales",43,2004,1208,982,63,96,41714,-33,226
"Wales",43,2005,1143,932,95,126,43110,-31,211
"Wales",43,2006,1093,967,83,98,43519,-15,126
"Wales",43,2007,1251,1041,136,115,44818,21,210
"Wales",43,2008,1176,1007,127,161,44623,-34,169
"Wales",43,2009,988,943,137,116,43594,21,45
"Wales",43,2010,981,946,108,250,43743,-142,35
"Wales",43,2011,1015,920,50,143,42600,-93,95
"Wales",43,2012,1174,1110,121,172,43070,-51,64
"Wales",43,2013,1083,1000,102,76,41029,26,83
"Wales",44,2002,997,845,97,91,39040,6,152
"Wales",44,2003,1092,838,97,150,39675,-53,254
"Wales",44,2004,1080,848,56,93,40171,-37,232
"Wales",44,2005,1030,876,91,120,41852,-29,154
"Wales",44,2006,1016,860,77,94,43240,-17,156
"Wales",44,2007,1173,1030,123,110,43642,13,143
"Wales",44,2008,1126,970,116,149,44946,-33,156
"Wales",44,2009,977,861,129,112,44737,17,116
"Wales",44,2010,1001,948,101,234,43489,-133,53
"Wales",44,2011,1018,926,46,135,43794,-89,92
"Wales",44,2012,1096,1034,90,141,42544,-51,62
"Wales",44,2013,1178,1095,104,74,43122,30,83
"Wales",45,2002,1033,813,55,130,38257,-75,220
"Wales",45,2003,1040,796,59,65,39273,-6,244
"Wales",45,2004,959,788,65,96,39858,-31,171
"Wales",45,2005,1049,845,67,166,40307,-99,204
"Wales",45,2006,1018,811,53,50,42056,3,207
"Wales",45,2007,1111,967,78,134,43319,-56,144
"Wales",45,2008,1101,905,105,90,43808,15,196
"Wales",45,2009,1032,940,151,127,45030,24,92
"Wales",45,2010,1017,954,84,136,44737,-52,63
"Wales",45,2011,1052,984,66,98,43502,-32,68
"Wales",45,2012,1123,1003,82,124,43775,-42,120
"Wales",45,2013,1080,1018,83,57,42531,26,62
"Wales",46,2002,970,792,50,114,36914,-64,178
"Wales",46,2003,998,754,53,61,38476,-8,244
"Wales",46,2004,966,788,60,87,39412,-27,178
"Wales",46,2005,867,727,63,148,39913,-85,140
"Wales",46,2006,942,784,48,48,40496,0,158
"Wales",46,2007,1064,894,70,121,42167,-51,170
"Wales",46,2008,1013,849,92,81,43498,11,164
"Wales",46,2009,923,875,129,114,43821,15,48
"Wales",46,2010,878,845,76,125,44995,-49,33
"Wales",46,2011,946,867,58,89,44758,-31,79
"Wales",46,2012,1077,969,104,119,43521,-15,108
"Wales",46,2013,1022,946,87,76,43776,11,76
"Wales",47,2002,936,708,51,111,36347,-60,228
"Wales",47,2003,937,749,45,56,37038,-11,188
"Wales",47,2004,969,763,56,80,38606,-24,206
"Wales",47,2005,873,736,61,143,39426,-82,137
"Wales",47,2006,892,723,46,44,40082,2,169
"Wales",47,2007,1018,819,68,121,40652,-53,199
"Wales",47,2008,940,808,94,76,42293,18,132
"Wales",47,2009,868,810,129,114,43542,15,58
"Wales",47,2010,864,810,73,123,43769,-50,54
"Wales",47,2011,906,818,58,84,45026,-26,88
"Wales",47,2012,1114,962,76,123,44765,-47,152
"Wales",47,2013,1078,967,67,41,43542,26,111
"Wales",48,2002,959,692,45,102,37568,-57,267
"Wales",48,2003,877,671,43,50,36456,-7,206
"Wales",48,2004,947,697,56,76,37227,-20,250
"Wales",48,2005,874,700,56,129,38674,-73,174
"Wales",48,2006,800,699,44,41,39490,3,101
"Wales",48,2007,959,786,61,111,40222,-50,173
"Wales",48,2008,883,769,80,73,40801,7,114
"Wales",48,2009,842,767,113,105,42335,8,75
"Wales",48,2010,850,752,63,111,43576,-48,98
"Wales",48,2011,924,848,51,78,43742,-27,76
"Wales",48,2012,1043,959,93,113,44976,-20,84
"Wales",48,2013,975,871,80,57,44788,23,104
"Wales",49,2002,921,708,43,98,37569,-55,213
"Wales",49,2003,916,721,46,55,37649,-9,195
"Wales",49,2004,936,684,50,73,36627,-23,252
"Wales",49,2005,804,661,54,127,37247,-73,143
"Wales",49,2006,889,720,42,41,38790,1,169
"Wales",49,2007,896,733,58,105,39538,-47,163
"Wales",49,2008,842,721,79,69,40337,10,121
"Wales",49,2009,821,752,110,98,40877,12,69
"Wales",49,2010,802,737,64,112,42320,-48,65
"Wales",49,2011,861,787,54,75,43603,-21,74
"Wales",49,2012,990,918,85,113,43674,-28,72
"Wales",49,2013,1044,948,76,44,45003,32,96
"Wales",50,2002,822,609,39,38,37215,1,213
"Wales",50,2003,940,664,48,120,37714,-72,276
"Wales",50,2004,1009,738,18,53,37811,-35,271
"Wales",50,2005,801,667,59,106,36615,-47,134
"Wales",50,2006,816,651,48,74,37326,-26,165
"Wales",50,2007,857,709,47,51,38877,-4,148
"Wales",50,2008,846,658,94,70,39697,24,188
"Wales",50,2009,772,725,72,58,40365,14,47
"Wales",50,2010,861,726,25,61,40972,-36,135
"Wales",50,2011,892,778,52,92,42330,-40,114
"Wales",50,2012,910,810,69,100,43536,-31,100
"Wales",50,2013,990,855,72,37,43711,35,135
"Wales",51,2002,867,603,32,37,38111,-5,264
"Wales",51,2003,907,677,43,97,37251,-54,230
"Wales",51,2004,910,663,11,43,37847,-32,247
"Wales",51,2005,761,586,50,80,37856,-30,175
"Wales",51,2006,788,622,40,69,36643,-29,166
"Wales",51,2007,858,692,38,43,37416,-5,166
"Wales",51,2008,837,671,79,64,38968,15,166
"Wales",51,2009,747,630,63,52,39762,11,117
"Wales",51,2010,766,677,18,58,40398,-40,89
"Wales",51,2011,812,747,47,81,40998,-34,65
"Wales",51,2012,907,774,70,94,42312,-24,133
"Wales",51,2013,891,789,52,32,43544,20,102
"Wales",52,2002,873,659,36,38,39768,-2,214
"Wales",52,2003,940,631,43,113,38198,-70,309
"Wales",52,2004,933,688,16,54,37344,-38,245
"Wales",52,2005,800,620,58,100,37910,-42,180
"Wales",52,2006,780,630,46,71,37889,-25,150
"Wales",52,2007,838,638,46,54,36720,-8,200
"Wales",52,2008,784,662,89,70,37487,19,122
"Wales",52,2009,712,619,68,60,38955,8,93
"Wales",52,2010,761,608,24,66,39778,-42,153
"Wales",52,2011,774,672,52,90,40423,-38,102
"Wales",52,2012,872,741,67,80,40992,-13,131
"Wales",52,2013,866,738,69,45,42349,24,128
"Wales",53,2002,936,673,35,38,40845,-3,263
"Wales",53,2003,934,669,44,103,39777,-59,265
"Wales",53,2004,885,638,15,46,38261,-31,247
"Wales",53,2005,799,591,53,81,37380,-28,208
"Wales",53,2006,731,583,33,64,37934,-31,148
"Wales",53,2007,828,623,39,43,37951,-4,205
"Wales",53,2008,788,611,77,63,36795,14,177
"Wales",53,2009,664,588,61,53,37475,8,76
"Wales",53,2010,737,646,18,60,38914,-42,91
"Wales",53,2011,717,595,44,76,39782,-32,122
"Wales",53,2012,776,670,72,80,40373,-8,106
"Wales",53,2013,827,706,55,42,40960,13,121
"Wales",54,2002,1022,661,32,38,43950,-6,361
"Wales",54,2003,960,632,40,102,40919,-62,328
"Wales",54,2004,960,643,11,48,39864,-37,317
"Wales",54,2005,762,589,48,84,38244,-36,173
"Wales",54,2006,735,621,36,67,37340,-31,114
"Wales",54,2007,853,683,39,45,37994,-6,170
"Wales",54,2008,816,601,79,65,38047,14,215
"Wales",54,2009,668,588,61,58,36745,3,80
"Wales",54,2010,688,534,19,62,37493,-43,154
"Wales",54,2011,685,577,46,83,38869,-37,108
"Wales",54,2012,809,683,43,85,39721,-42,126
"Wales",54,2013,799,718,60,36,40329,24,81
"Wales",55,2002,1110,706,28,55,45429,-27,404
"Wales",55,2003,1038,657,16,124,43967,-108,381
"Wales",55,2004,1036,654,30,83,41083,-53,382
"Wales",55,2005,810,577,33,86,39837,-53,233
"Wales",55,2006,692,556,20,35,38150,-15,136
"Wales",55,2007,829,629,26,51,37351,-25,200
"Wales",55,2008,763,599,30,72,37985,-42,164
"Wales",55,2009,607,528,34,16,37987,18,79
"Wales",55,2010,647,528,29,51,36693,-22,119
"Wales",55,2011,645,538,30,45,37473,-15,107
"Wales",55,2012,747,668,55,50,38798,5,79
"Wales",55,2013,779,614,49,36,39724,13,165
"Wales",56,2002,852,580,34,55,37233,-21,272
"Wales",56,2003,1147,723,21,135,45604,-114,424
"Wales",56,2004,1008,705,37,91,43948,-54,303
"Wales",56,2005,840,576,33,93,41060,-60,264
"Wales",56,2006,721,552,27,37,39742,-10,169
"Wales",56,2007,818,651,26,53,38093,-27,167
"Wales",56,2008,751,606,42,77,37319,-35,145
"Wales",56,2009,625,516,42,17,37983,25,109
"Wales",56,2010,684,577,32,57,37936,-25,107
"Wales",56,2011,653,534,38,48,36633,-10,119
"Wales",56,2012,809,659,37,66,37409,-29,150
"Wales",56,2013,788,591,53,37,38806,16,197
"Wales",57,2002,861,560,37,49,37025,-12,301
"Wales",57,2003,988,550,22,118,37260,-96,438
"Wales",57,2004,1129,750,32,74,45805,-42,379
"Wales",57,2005,921,638,27,83,43884,-56,283
"Wales",57,2006,742,622,27,31,40958,-4,120
"Wales",57,2007,826,656,27,46,39646,-19,170
"Wales",57,2008,753,541,34,66,38063,-32,212
"Wales",57,2009,616,476,32,15,37285,17,140
"Wales",57,2010,634,532,34,45,37963,-11,102
"Wales",57,2011,714,575,25,41,37906,-16,139
"Wales",57,2012,717,626,55,58,36554,-3,91
"Wales",57,2013,711,594,41,27,37315,14,117
"Wales",58,2002,899,571,25,46,36628,-21,328
"Wales",58,2003,796,535,14,112,36907,-98,261
"Wales",58,2004,898,581,25,72,37208,-47,317
"Wales",58,2005,890,685,26,78,45804,-52,205
"Wales",58,2006,767,644,21,31,43674,-10,123
"Wales",58,2007,868,660,20,43,40897,-23,208
"Wales",58,2008,716,568,28,63,39521,-35,148
"Wales",58,2009,590,495,26,16,37934,10,95
"Wales",58,2010,631,494,28,46,37218,-18,137
"Wales",58,2011,644,551,28,41,37911,-13,93
"Wales",58,2012,702,555,41,66,37811,-25,147
"Wales",58,2013,754,569,57,36,36548,21,185
"Wales",59,2002,775,465,27,45,35615,-18,310
"Wales",59,2003,816,525,13,116,36600,-103,291
"Wales",59,2004,861,544,27,74,36882,-47,317
"Wales",59,2005,696,524,23,80,36972,-57,172
"Wales",59,2006,874,642,23,30,45838,-7,232
"Wales",59,2007,999,693,22,37,43627,-15,306
"Wales",59,2008,717,549,30,62,40756,-32,168
"Wales",59,2009,559,459,30,15,39357,15,100
"Wales",59,2010,633,482,30,44,37818,-14,151
"Wales",59,2011,641,510,24,37,37120,-13,131
"Wales",59,2012,758,634,52,51,37821,1,124
"Wales",59,2013,717,571,43,31,37754,12,146
"Wales",60,2002,789,504,25,30,32958,-5,285
"Wales",60,2003,886,519,15,38,35641,-23,367
"Wales",60,2004,944,629,16,42,36661,-26,315
"Wales",60,2005,735,496,36,176,36675,-140,239
"Wales",60,2006,680,519,24,57,36764,-33,161
"Wales",60,2007,1008,720,32,149,45824,-117,288
"Wales",60,2008,802,635,24,14,43461,10,167
"Wales",60,2009,546,482,30,40,40499,-10,64
"Wales",60,2010,681,556,30,45,39158,-15,125
"Wales",60,2011,603,482,20,45,37654,-25,121
"Wales",60,2012,694,570,49,60,36981,-11,124
"Wales",60,2013,725,589,47,44,37732,3,136
"Wales",61,2002,671,491,16,30,31013,-14,180
"Wales",61,2003,724,453,9,39,32911,-30,271
"Wales",61,2004,787,523,11,46,35540,-35,264
"Wales",61,2005,642,499,35,185,36413,-150,143
"Wales",61,2006,750,542,18,62,36522,-44,208
"Wales",61,2007,801,608,28,157,36475,-129,193
"Wales",61,2008,834,663,17,13,45763,4,171
"Wales",61,2009,625,509,26,52,43179,-26,116
"Wales",61,2010,652,562,18,51,40265,-33,90
"Wales",61,2011,693,532,14,42,38973,-28,161
"Wales",61,2012,638,518,45,46,37500,-1,120
"Wales",61,2013,656,562,23,32,36783,-9,94
"Wales",62,2002,659,439,16,23,30953,-7,220
"Wales",62,2003,636,372,11,29,30935,-18,264
"Wales",62,2004,704,447,11,25,32855,-14,257
"Wales",62,2005,592,446,23,117,35224,-94,146
"Wales",62,2006,606,464,13,39,36259,-26,142
"Wales",62,2007,739,570,22,103,36253,-81,169
"Wales",62,2008,580,448,16,7,36220,9,132
"Wales",62,2009,583,490,21,24,45592,-3,93
"Wales",62,2010,703,558,17,26,42918,-9,145
"Wales",62,2011,587,483,9,25,40026,-16,104
"Wales",62,2012,686,519,63,38,38846,25,167
"Wales",62,2013,626,490,49,30,37346,19,136
"Wales",63,2002,611,377,17,26,30830,-9,234
"Wales",63,2003,681,390,14,31,30873,-17,291
"Wales",63,2004,607,389,13,34,30784,-21,218
"Wales",63,2005,500,384,31,140,32523,-109,116
"Wales",63,2006,527,393,20,48,34914,-28,134
"Wales",63,2007,648,470,23,124,36017,-101,178
"Wales",63,2008,567,471,16,10,35965,6,96
"Wales",63,2009,431,369,22,34,35830,-12,62
"Wales",63,2010,677,573,22,36,45378,-14,104
"Wales",63,2011,677,544,17,35,42640,-18,133
"Wales",63,2012,677,533,53,50,39818,3,144
"Wales",63,2013,583,480,54,24,38631,30,103
"Wales",64,2002,622,397,12,26,30492,-14,225
"Wales",64,2003,605,394,9,31,30693,-22,211
"Wales",64,2004,647,436,10,37,30700,-27,211
"Wales",64,2005,474,380,27,147,30403,-120,94
"Wales",64,2006,498,371,10,47,32298,-37,127
"Wales",64,2007,605,444,20,122,34599,-102,161
"Wales",64,2008,538,417,16,13,35841,3,121
"Wales",64,2009,405,365,19,37,35591,-18,40
"Wales",64,2010,531,442,16,38,35456,-22,89
"Wales",64,2011,635,513,10,33,45188,-23,122
"Wales",64,2012,689,573,43,63,42315,-20,116
"Wales",64,2013,608,498,47,33,39579,14,110
"Wales",65,2002,658,394,22,37,29739,-15,264
"Wales",65,2003,628,386,13,79,30265,-66,242
"Wales",65,2004,683,426,18,58,30507,-40,257
"Wales",65,2005,491,315,18,62,30441,-44,176
"Wales",65,2006,484,386,27,88,30076,-61,98
"Wales",65,2007,563,415,12,51,32012,-39,148
"Wales",65,2008,531,388,74,66,34322,8,143
"Wales",65,2009,426,345,39,39,35593,0,81
"Wales",65,2010,524,429,33,40,35257,-7,95
"Wales",65,2011,483,383,22,43,35094,-21,100
"Wales",65,2012,708,571,42,49,44913,-7,137
"Wales",65,2013,697,560,44,15,42031,29,137
"Wales",66,2002,542,385,15,32,28838,-17,157
"Wales",66,2003,559,355,10,65,29429,-55,204
"Wales",66,2004,533,395,11,50,29973,-39,138
"Wales",66,2005,451,333,14,53,30172,-39,118
"Wales",66,2006,441,341,21,66,30117,-45,100
"Wales",66,2007,475,395,8,35,29743,-27,80
"Wales",66,2008,420,328,59,54,31693,5,92
"Wales",66,2009,365,318,25,30,33904,-5,47
"Wales",66,2010,451,396,29,33,35281,-4,55
"Wales",66,2011,481,424,11,33,34868,-22,57
"Wales",66,2012,519,428,32,36,34760,-4,91
"Wales",66,2013,642,583,40,15,44519,25,59
"Wales",67,2002,477,348,15,27,28211,-12,129
"Wales",67,2003,488,323,8,54,28497,-46,165
"Wales",67,2004,550,339,8,39,29137,-31,211
"Wales",67,2005,358,327,12,41,29553,-29,31
"Wales",67,2006,370,272,11,61,29807,-50,98
"Wales",67,2007,461,383,7,33,29718,-26,78
"Wales",67,2008,391,341,53,43,29389,10,50
"Wales",67,2009,271,226,27,31,31317,-4,45
"Wales",67,2010,375,330,24,24,33491,0,45
"Wales",67,2011,418,350,12,23,34899,-11,68
"Wales",67,2012,483,411,34,23,34519,11,72
"Wales",67,2013,498,464,34,14,34367,20,34
"Wales",68,2002,448,310,9,20,27049,-11,138
"Wales",68,2003,443,311,7,41,27833,-34,132
"Wales",68,2004,381,306,7,30,28073,-23,75
"Wales",68,2005,366,289,10,33,28693,-23,77
"Wales",68,2006,339,302,15,49,29103,-34,37
"Wales",68,2007,370,351,4,26,29305,-22,19
"Wales",68,2008,340,327,39,37,29271,2,13
"Wales",68,2009,269,242,16,23,28916,-7,27
"Wales",68,2010,348,327,15,19,30921,-4,21
"Wales",68,2011,377,335,8,18,33026,-10,42
"Wales",68,2012,439,404,30,34,34476,-4,35
"Wales",68,2013,460,388,35,19,34120,16,72
"Wales",69,2002,354,293,9,27,26582,-18,61
"Wales",69,2003,376,286,7,55,26616,-48,90
"Wales",69,2004,401,287,12,44,27415,-32,114
"Wales",69,2005,320,250,14,49,27636,-35,70
"Wales",69,2006,291,297,19,62,28155,-43,-6
"Wales",69,2007,378,315,5,31,28670,-26,63
"Wales",69,2008,326,301,56,46,28833,10,25
"Wales",69,2009,253,249,27,29,28778,-2,4
"Wales",69,2010,299,291,27,29,28463,-2,8
"Wales",69,2011,283,277,12,28,30449,-16,6
"Wales",69,2012,364,341,36,36,32544,0,23
"Wales",69,2013,384,337,21,14,33960,7,47
"Wales",70,2002,350,261,10,14,26170,-4,89
"Wales",70,2003,355,261,9,25,26099,-16,94
"Wales",70,2004,366,287,1,17,26139,-16,79
"Wales",70,2005,280,243,7,16,26943,-9,37
"Wales",70,2006,310,267,9,25,27172,-16,43
"Wales",70,2007,348,324,4,16,27637,-12,24
"Wales",70,2008,282,254,22,20,28244,2,28
"Wales",70,2009,229,242,17,13,28347,4,-13
"Wales",70,2010,275,291,5,14,28266,-9,-16
"Wales",70,2011,233,273,8,13,27909,-5,-40
"Wales",70,2012,331,278,17,31,29955,-14,53
"Wales",70,2013,327,348,24,20,32002,4,-21
"Wales",71,2002,316,229,7,12,26047,-5,87
"Wales",71,2003,313,242,10,22,25641,-12,71
"Wales",71,2004,300,255,6,15,25562,-9,45
"Wales",71,2005,258,201,9,16,25595,-7,57
"Wales",71,2006,244,248,9,24,26373,-15,-4
"Wales",71,2007,268,289,7,15,26573,-8,-21
"Wales",71,2008,285,263,23,20,27049,3,22
"Wales",71,2009,201,201,16,14,27686,2,0
"Wales",71,2010,246,265,12,15,27815,-3,-19
"Wales",71,2011,243,265,8,15,27661,-7,-22
"Wales",71,2012,280,289,27,32,27366,-5,-9
"Wales",71,2013,299,298,25,11,29410,14,1
"Wales",72,2002,342,290,11,13,25339,-2,52
"Wales",72,2003,320,268,6,20,25342,-14,52
"Wales",72,2004,292,238,6,13,25002,-7,54
"Wales",72,2005,222,231,6,13,24899,-7,-9
"Wales",72,2006,244,219,8,18,25034,-10,25
"Wales",72,2007,286,284,5,11,25762,-6,2
"Wales",72,2008,257,235,18,17,26034,1,22
"Wales",72,2009,192,198,11,11,26405,0,-6
"Wales",72,2010,218,249,14,13,27121,1,-31
"Wales",72,2011,226,215,8,14,27254,-6,11
"Wales",72,2012,260,264,23,30,27046,-7,-4
"Wales",72,2013,302,289,16,17,26795,-1,13
"Wales",73,2002,292,244,4,10,24289,-6,48
"Wales",73,2003,286,235,2,18,24656,-16,51
"Wales",73,2004,263,217,1,14,24608,-13,46
"Wales",73,2005,247,219,4,12,24334,-8,28
"Wales",73,2006,244,217,3,18,24266,-15,27
"Wales",73,2007,269,270,0,11,24423,-11,-1
"Wales",73,2008,251,225,13,15,25182,-2,26
"Wales",73,2009,204,191,5,11,25384,-6,13
"Wales",73,2010,200,190,4,10,25744,-6,10
"Wales",73,2011,227,222,2,11,26539,-9,5
"Wales",73,2012,231,255,28,6,26647,22,-24
"Wales",73,2013,244,270,18,4,26384,14,-26
"Wales",74,2002,297,237,8,12,23035,-4,60
"Wales",74,2003,262,241,9,20,23426,-11,21
"Wales",74,2004,227,251,8,13,23821,-5,-24
"Wales",74,2005,205,182,3,11,23796,-8,23
"Wales",74,2006,214,181,6,17,23601,-11,33
"Wales",74,2007,261,261,4,12,23659,-8,0
"Wales",74,2008,196,178,14,11,23798,3,18
"Wales",74,2009,164,193,11,10,24556,1,-29
"Wales",74,2010,183,185,7,10,24693,-3,-2
"Wales",74,2011,174,230,7,9,25004,-2,-56
"Wales",74,2012,215,232,12,4,25914,8,-17
"Wales",74,2013,226,246,18,3,25905,15,-20
"Wales",75,2002,258,223,0,6,23081,-6,35
"Wales",75,2003,262,210,2,9,22204,-7,52
"Wales",75,2004,250,215,1,6,22565,-5,35
"Wales",75,2005,208,207,1,4,22925,-3,1
"Wales",75,2006,202,183,2,11,23023,-9,19
"Wales",75,2007,227,223,2,8,22864,-6,4
"Wales",75,2008,195,184,9,6,22991,3,11
"Wales",75,2009,160,176,2,3,23102,-1,-16
"Wales",75,2010,202,194,2,5,23855,-3,8
"Wales",75,2011,183,193,2,3,24033,-1,-10
"Wales",75,2012,243,224,19,4,24312,15,19
"Wales",75,2013,232,255,17,4,25147,13,-23
"Wales",76,2002,269,218,4,6,22898,-2,51
"Wales",76,2003,244,231,6,11,22071,-5,13
"Wales",76,2004,250,230,4,6,21273,-2,20
"Wales",76,2005,151,162,2,4,21655,-2,-11
"Wales",76,2006,232,198,3,9,22081,-6,34
"Wales",76,2007,241,250,2,7,22152,-5,-9
"Wales",76,2008,186,181,12,6,22115,6,5
"Wales",76,2009,163,173,5,4,22258,1,-10
"Wales",76,2010,164,201,7,4,22338,3,-37
"Wales",76,2011,160,177,5,5,23107,0,-17
"Wales",76,2012,189,205,10,3,23288,7,-16
"Wales",76,2013,199,208,15,4,23513,11,-9
"Wales",77,2002,224,192,2,4,21719,-2,32
"Wales",77,2003,250,219,3,8,21813,-5,31
"Wales",77,2004,210,203,3,7,21044,-4,7
"Wales",77,2005,188,179,1,4,20367,-3,9
"Wales",77,2006,165,160,3,8,20758,-5,5
"Wales",77,2007,213,228,2,5,21133,-3,-15
"Wales",77,2008,190,190,8,8,21291,0,0
"Wales",77,2009,138,152,3,2,21299,1,-14
"Wales",77,2010,188,207,3,5,21439,-2,-19
"Wales",77,2011,151,182,4,4,21537,0,-31
"Wales",77,2012,175,196,12,4,22290,8,-21
"Wales",77,2013,208,212,10,1,22515,9,-4
"Wales",78,2002,247,216,0,5,20504,-5,31
"Wales",78,2003,226,217,1,6,20611,-5,9
"Wales",78,2004,235,203,0,6,20771,-6,32
"Wales",78,2005,203,180,0,1,19998,-1,23
"Wales",78,2006,154,174,2,10,19430,-8,-20
"Wales",78,2007,208,222,1,7,19808,-6,-14
"Wales",78,2008,212,224,6,3,20225,3,-12
"Wales",78,2009,127,135,3,3,20344,0,-8
"Wales",78,2010,189,189,1,5,20473,-4,0
"Wales",78,2011,169,199,2,5,20655,-3,-30
"Wales",78,2012,181,192,8,2,20736,6,-11
"Wales",78,2013,162,180,5,3,21369,2,-18
"Wales",79,2002,228,229,6,4,19495,2,-1
"Wales",79,2003,230,228,9,7,19282,2,2
"Wales",79,2004,214,204,8,4,19465,4,10
"Wales",79,2005,196,167,3,2,19663,1,29
"Wales",79,2006,187,202,6,6,18953,0,-15
"Wales",79,2007,196,192,3,5,18488,-2,4
"Wales",79,2008,161,165,8,4,18820,4,-4
"Wales",79,2009,158,162,7,2,19255,5,-4
"Wales",79,2010,177,186,8,3,19429,5,-9
"Wales",79,2011,175,198,11,4,19584,7,-23
"Wales",79,2012,172,196,6,3,19792,3,-24
"Wales",79,2013,179,202,12,1,19858,11,-23
"Wales",80,2002,275,226,1,2,19483,-1,49
"Wales",80,2003,247,210,5,5,18316,0,37
"Wales",80,2004,190,180,3,0,18100,3,10
"Wales",80,2005,197,182,1,2,18329,-1,15
"Wales",80,2006,147,142,1,4,18502,-3,5
"Wales",80,2007,180,202,4,3,17872,1,-22
"Wales",80,2008,159,173,3,1,17503,2,-14
"Wales",80,2009,152,158,3,1,17787,2,-6
"Wales",80,2010,149,173,2,2,18309,0,-24
"Wales",80,2011,157,168,1,0,18458,1,-11
"Wales",80,2012,145,174,6,4,18579,2,-29
"Wales",80,2013,189,217,12,0,18840,12,-28
"Wales",81,2002,252,245,0,1,18527,-1,7
"Wales",81,2003,237,236,1,2,18153,-1,1
"Wales",81,2004,218,214,2,2,17081,0,4
"Wales",81,2005,205,185,0,0,16874,0,20
"Wales",81,2006,195,203,0,2,17163,-2,-8
"Wales",81,2007,213,241,1,2,17353,-1,-28
"Wales",81,2008,195,174,3,1,16820,2,21
"Wales",81,2009,160,144,3,1,16540,2,16
"Wales",81,2010,165,179,1,1,16768,0,-14
"Wales",81,2011,130,155,1,1,17280,0,-25
"Wales",81,2012,161,183,10,1,17469,9,-22
"Wales",81,2013,185,199,6,1,17534,5,-14
"Wales",82,2002,235,221,0,1,16876,-1,14
"Wales",82,2003,219,225,1,1,17101,0,-6
"Wales",82,2004,233,199,0,0,16786,0,34
"Wales",82,2005,200,210,0,1,15817,-1,-10
"Wales",82,2006,190,189,0,1,15707,-1,1
"Wales",82,2007,188,215,0,1,15950,-1,-27
"Wales",82,2008,174,199,2,0,16120,2,-25
"Wales",82,2009,148,161,3,0,15670,3,-13
"Wales",82,2010,160,165,0,1,15524,-1,-5
"Wales",82,2011,147,179,0,0,15765,0,-32
"Wales",82,2012,172,157,5,3,16253,2,15
"Wales",82,2013,191,217,9,0,16375,9,-26
"Wales",83,2002,167,130,0,0,12560,0,37
"Wales",83,2003,245,176,1,1,15466,0,69
"Wales",83,2004,216,216,0,0,15723,0,0
"Wales",83,2005,203,205,0,0,15436,0,-2
"Wales",83,2006,184,205,0,1,14600,-1,-21
"Wales",83,2007,162,194,0,0,14530,0,-32
"Wales",83,2008,180,161,0,0,14752,0,19
"Wales",83,2009,156,163,0,0,14865,0,-7
"Wales",83,2010,168,176,0,0,14653,0,-8
"Wales",83,2011,170,193,0,0,14446,0,-23
"Wales",83,2012,166,179,9,1,14739,8,-13
"Wales",83,2013,165,173,7,0,15120,7,-8
"Wales",84,2002,180,165,1,0,9918,1,15
"Wales",84,2003,171,154,1,1,11549,0,17
"Wales",84,2004,227,207,2,2,14077,0,20
"Wales",84,2005,218,221,0,0,14302,0,-3
"Wales",84,2006,182,180,1,2,14147,-1,2
"Wales",84,2007,172,198,2,3,13362,-1,-26
"Wales",84,2008,169,163,3,1,13348,2,6
"Wales",84,2009,160,196,2,2,13456,0,-36
"Wales",84,2010,161,178,2,2,13681,0,-17
"Wales",84,2011,157,177,1,1,13494,0,-20
"Wales",84,2012,175,173,2,1,13348,1,2
"Wales",84,2013,150,186,4,0,13568,4,-36
"Wales",85,2002,169,148,0,0,9513,0,21
"Wales",85,2003,124,144,2,2,8892,0,-20
"Wales",85,2004,152,141,2,0,10537,2,11
"Wales",85,2005,198,207,0,0,12647,0,-9
"Wales",85,2006,181,186,0,4,12921,-4,-5
"Wales",85,2007,202,217,1,2,12839,-1,-15
"Wales",85,2008,159,173,1,0,12053,1,-14
"Wales",85,2009,149,150,1,2,12137,-1,-1
"Wales",85,2010,152,190,2,2,12226,0,-38
"Wales",85,2011,127,154,2,3,12432,-1,-27
"Wales",85,2012,177,197,1,2,12297,-1,-20
"Wales",85,2013,157,167,1,0,12190,1,-10
"Wales",86,2002,155,146,0,0,8656,0,9
"Wales",86,2003,157,149,1,1,8453,0,8
"Wales",86,2004,139,137,0,0,7888,0,2
"Wales",86,2005,119,120,0,0,9507,0,-1
"Wales",86,2006,178,182,0,1,11356,-1,-4
"Wales",86,2007,201,184,0,1,11560,-1,17
"Wales",86,2008,175,175,1,0,11467,1,0
"Wales",86,2009,180,180,0,1,10847,-1,0
"Wales",86,2010,119,143,0,1,10881,-1,-24
"Wales",86,2011,159,169,0,1,11084,-1,-10
"Wales",86,2012,147,177,4,0,11240,4,-30
"Wales",86,2013,150,153,5,1,11084,4,-3
"Wales",87,2002,199,179,0,0,8010,0,20
"Wales",87,2003,161,158,2,1,7648,1,3
"Wales",87,2004,145,136,1,0,7406,1,9
"Wales",87,2005,141,140,0,0,6947,0,1
"Wales",87,2006,119,121,2,1,8553,1,-2
"Wales",87,2007,175,194,2,1,10016,1,-19
"Wales",87,2008,154,149,1,0,10232,1,5
"Wales",87,2009,140,169,2,1,10143,1,-29
"Wales",87,2010,158,157,2,1,9658,1,1
"Wales",87,2011,167,176,2,1,9735,1,-9
"Wales",87,2012,178,187,1,3,9911,-2,-9
"Wales",87,2013,144,145,4,0,9992,4,-1
"Wales",88,2002,178,170,1,0,6915,1,8
"Wales",88,2003,146,137,1,2,6903,-1,9
"Wales",88,2004,146,144,1,0,6633,1,2
"Wales",88,2005,123,131,0,0,6411,0,-8
"Wales",88,2006,116,110,0,1,6026,-1,6
"Wales",88,2007,108,112,0,0,7646,0,-4
"Wales",88,2008,175,168,0,0,8732,0,7
"Wales",88,2009,168,176,1,1,8932,0,-8
"Wales",88,2010,143,143,1,1,8936,0,0
"Wales",88,2011,138,164,1,0,8437,1,-26
"Wales",88,2012,141,137,1,0,8672,1,4
"Wales",88,2013,133,156,3,1,8742,2,-23
"Wales",89,2002,146,126,0,0,5707,0,20
"Wales",89,2003,112,111,0,0,5850,0,1
"Wales",89,2004,115,110,0,0,5839,0,5
"Wales",89,2005,117,106,0,0,5650,0,11
"Wales",89,2006,120,122,0,0,5528,0,-2
"Wales",89,2007,105,117,0,0,5184,0,-12
"Wales",89,2008,106,91,0,0,6820,0,15
"Wales",89,2009,141,135,0,0,7523,0,6
"Wales",89,2010,143,144,0,0,7776,0,-1
"Wales",89,2011,165,159,0,0,7765,0,6
"Wales",89,2012,136,140,4,1,7389,3,-4
"Wales",89,2013,143,163,1,0,7486,1,-20
"Wales",90,2002,538,489,0,0,20129,0,49
"Wales",90,2003,515,461,0,0,20430,0,54
"Wales",90,2004,544,501,0,0,20911,0,43
"Wales",90,2005,547,517,0,0,21162,0,30
"Wales",90,2006,532,504,0,0,21491,0,28
"Wales",90,2007,539,532,0,0,21615,0,7
"Wales",90,2008,510,481,0,0,21297,0,29
"Wales",90,2009,503,514,0,0,22553,0,-11
"Wales",90,2010,565,613,0,0,24257,0,-48
"Wales",90,2011,576,599,0,0,25878,0,-23
"Wales",90,2012,678,671,5,0,27423,5,7
"Wales",90,2013,646,657,5,0,27804,5,-11
"West Midlands",0,2002,3320,3153,233,183,60684,50,167
"West Midlands",0,2003,3196,3091,223,133,62215,90,105
"West Midlands",0,2004,3363,3275,238,234,64644,4,88
"West Midlands",0,2005,3284,3164,193,107,65872,86,120
"West Midlands",0,2006,3524,3338,232,174,66732,58,186
"West Midlands",0,2007,3696,3645,378,257,68639,121,51
"West Midlands",0,2008,3736,3662,231,118,71486,113,74
"West Midlands",0,2009,3941,3739,168,123,70919,45,202
"West Midlands",0,2010,3833,3826,161,100,70742,61,7
"West Midlands",0,2011,4143,4003,301,120,72104,181,140
"West Midlands",0,2012,2855,2507,391,91,73825,300,348
"West Midlands",0,2013,2534,2220,271,116,72581,155,314
"West Midlands",1,2002,3246,2940,196,177,60336,19,306
"West Midlands",1,2003,3104,2936,198,130,60972,68,168
"West Midlands",1,2004,3218,3129,206,206,62328,0,89
"West Midlands",1,2005,3125,2950,170,106,64865,64,175
"West Midlands",1,2006,3294,3187,206,153,66095,53,107
"West Midlands",1,2007,3453,3352,340,226,67237,114,101
"West Midlands",1,2008,3434,3380,212,118,68928,94,54
"West Midlands",1,2009,3663,3518,153,102,71674,51,145
"West Midlands",1,2010,3728,3653,145,85,70994,60,75
"West Midlands",1,2011,3716,3628,267,103,70782,164,88
"West Midlands",1,2012,4122,4067,430,95,72436,335,55
"West Midlands",1,2013,4368,4119,487,105,74395,382,249
"West Midlands",2,2002,3378,3064,222,159,62648,63,314
"West Midlands",2,2003,3162,3003,214,134,60893,80,159
"West Midlands",2,2004,2989,2906,228,216,61174,12,83
"West Midlands",2,2005,2824,2760,181,110,62561,71,64
"West Midlands",2,2006,3187,3054,214,166,65095,48,133
"West Midlands",2,2007,3553,3418,342,216,66477,126,135
"West Midlands",2,2008,3250,3192,214,118,67754,96,58
"West Midlands",2,2009,3214,3197,160,108,69163,52,17
"West Midlands",2,2010,3578,3530,154,94,71822,60,48
"West Midlands",2,2011,3507,3515,283,102,71163,181,-8
"West Midlands",2,2012,3976,3917,448,94,71184,354,59
"West Midlands",2,2013,4100,3902,484,106,72997,378,198
"West Midlands",3,2002,3096,2994,202,146,64313,56,102
"West Midlands",3,2003,2943,2751,192,117,63216,75,192
"West Midlands",3,2004,2736,2718,197,189,61280,8,18
"West Midlands",3,2005,2544,2441,157,96,61467,61,103
"West Midlands",3,2006,2739,2669,193,143,62793,50,70
"West Midlands",3,2007,3028,2990,312,183,65319,129,38
"West Midlands",3,2008,2963,2849,193,101,66802,92,114
"West Midlands",3,2009,2855,2848,143,99,68183,44,7
"West Midlands",3,2010,3134,3211,129,80,69319,49,-77
"West Midlands",3,2011,3253,3229,250,82,72046,168,24
"West Midlands",3,2012,3593,3482,415,118,71566,297,111
"West Midlands",3,2013,3612,3448,414,113,71641,301,164
"West Midlands",4,2002,2747,2656,194,141,65765,53,91
"West Midlands",4,2003,2706,2571,189,103,64862,86,135
"West Midlands",4,2004,2610,2485,184,168,63673,16,125
"West Midlands",4,2005,2267,2270,144,96,61668,48,-3
"West Midlands",4,2006,2431,2378,177,138,61679,39,53
"West Midlands",4,2007,2481,2430,295,192,63048,103,51
"West Midlands",4,2008,2614,2521,178,97,65546,81,93
"West Midlands",4,2009,2436,2434,135,96,66970,39,2
"West Midlands",4,2010,2606,2642,128,73,68572,55,-36
"West Midlands",4,2011,2665,2702,241,83,69635,158,-37
"West Midlands",4,2012,3184,3172,364,103,72322,261,12
"West Midlands",4,2013,3098,2995,356,115,71910,241,103
"West Midlands",5,2002,2568,2432,184,102,67786,82,136
"West Midlands",5,2003,2451,2355,168,66,66323,102,96
"West Midlands",5,2004,2273,2319,209,149,65242,60,-46
"West Midlands",5,2005,2066,2029,89,97,64020,-8,37
"West Midlands",5,2006,2091,2078,93,103,62019,-10,13
"West Midlands",5,2007,2113,2168,241,147,61838,94,-55
"West Midlands",5,2008,2167,2157,150,61,63241,89,10
"West Midlands",5,2009,2201,2207,175,75,65698,100,-6
"West Midlands",5,2010,2218,2195,162,66,67218,96,23
"West Midlands",5,2011,2215,2311,125,93,68870,32,-96
"West Midlands",5,2012,2669,2515,327,97,70013,230,154
"West Midlands",5,2013,2599,2426,303,90,72703,213,173
"West Midlands",6,2002,2299,2211,175,99,67124,76,88
"West Midlands",6,2003,2342,2300,150,54,68308,96,42
"West Midlands",6,2004,2079,2112,196,138,66717,58,-33
"West Midlands",6,2005,1897,1892,86,95,65572,-9,5
"West Midlands",6,2006,2016,2059,77,97,64270,-20,-43
"West Midlands",6,2007,2004,2020,211,135,62424,76,-16
"West Midlands",6,2008,1977,1872,135,57,62143,78,105
"West Midlands",6,2009,1830,1878,157,72,63389,85,-48
"West Midlands",6,2010,1944,1964,140,66,65802,74,-20
"West Midlands",6,2011,1973,2064,106,86,67271,20,-91
"West Midlands",6,2012,2254,2159,297,81,69177,216,95
"West Midlands",6,2013,2374,2178,303,88,70421,215,196
"West Midlands",7,2002,2177,2172,170,102,66984,68,5
"West Midlands",7,2003,2157,2196,148,48,67562,100,-39
"West Midlands",7,2004,2163,2172,192,123,68774,69,-9
"West Midlands",7,2005,1973,1991,74,87,67046,-13,-18
"West Midlands",7,2006,1817,1873,74,96,65827,-22,-56
"West Midlands",7,2007,2025,2013,208,129,64671,79,12
"West Midlands",7,2008,1787,1744,143,60,62883,83,43
"West Midlands",7,2009,1667,1732,156,66,62310,90,-65
"West Midlands",7,2010,1859,1877,145,60,63571,85,-18
"West Midlands",7,2011,1876,1902,109,94,65841,15,-26
"West Midlands",7,2012,2127,2133,256,67,67452,189,-6
"West Midlands",7,2013,2135,2042,283,74,69484,209,93
"West Midlands",8,2002,2226,2272,167,92,68810,75,-46
"West Midlands",8,2003,2230,2126,145,51,67520,94,104
"West Midlands",8,2004,2060,2072,194,134,67987,60,-12
"West Midlands",8,2005,1988,1931,77,90,69198,-13,57
"West Midlands",8,2006,1890,1910,86,87,67378,-1,-20
"West Midlands",8,2007,1847,1882,214,134,66217,80,-35
"West Midlands",8,2008,1804,1790,142,50,65085,92,14
"West Midlands",8,2009,1695,1714,156,64,63319,92,-19
"West Midlands",8,2010,1745,1737,143,58,62528,85,8
"West Midlands",8,2011,1841,1783,107,86,63754,21,58
"West Midlands",8,2012,2034,1988,239,47,66081,192,46
"West Midlands",8,2013,2146,1984,241,67,67794,174,162
"West Midlands",9,2002,2143,2038,175,106,69516,69,105
"West Midlands",9,2003,2089,2084,152,60,69311,92,5
"West Midlands",9,2004,2004,2054,197,132,67890,65,-50
"West Midlands",9,2005,1907,1809,93,92,68473,1,98
"West Midlands",9,2006,1862,1887,81,91,69555,-10,-25
"West Midlands",9,2007,1961,1930,205,135,67830,70,31
"West Midlands",9,2008,1803,1818,133,57,66602,76,-15
"West Midlands",9,2009,1593,1691,143,72,65382,71,-98
"West Midlands",9,2010,1727,1752,135,64,63715,71,-25
"West Midlands",9,2011,1641,1613,102,92,62694,10,28
"West Midlands",9,2012,1833,1820,250,43,63971,207,13
"West Midlands",9,2013,1921,1832,243,53,66363,190,89
"West Midlands",10,2002,2157,2106,218,79,72449,139,51
"West Midlands",10,2003,2106,2119,195,60,69844,135,-13
"West Midlands",10,2004,2039,2026,134,183,69682,-49,13
"West Midlands",10,2005,1771,1721,162,83,68372,79,50
"West Midlands",10,2006,1756,1788,187,139,68854,48,-32
"West Midlands",10,2007,1804,1952,199,95,69912,104,-148
"West Midlands",10,2008,1713,1673,107,59,68276,48,40
"West Midlands",10,2009,1618,1756,117,72,66853,45,-138
"West Midlands",10,2010,1749,1731,122,29,65813,93,18
"West Midlands",10,2011,1662,1669,79,39,64101,40,-7
"West Midlands",10,2012,1726,1708,258,50,62920,208,18
"West Midlands",10,2013,1788,1688,216,42,64238,174,100
"West Midlands",11,2002,2109,2045,209,70,74650,139,64
"West Midlands",11,2003,2080,2065,191,74,72822,117,15
"West Midlands",11,2004,1998,1995,134,179,70055,-45,3
"West Midlands",11,2005,1820,1812,151,72,70186,79,8
"West Midlands",11,2006,1760,1755,176,128,68768,48,5
"West Midlands",11,2007,1770,1751,192,99,69346,93,19
"West Midlands",11,2008,1816,1834,102,66,70320,36,-18
"West Midlands",11,2009,1601,1618,116,73,68664,43,-17
"West Midlands",11,2010,1619,1682,114,33,67219,81,-63
"West Midlands",11,2011,1595,1580,81,46,66181,35,15
"West Midlands",11,2012,1665,1610,245,29,64367,216,55
"West Midlands",11,2013,1629,1569,244,41,63184,203,60
"West Midlands",12,2002,2003,1961,201,66,72976,135,42
"West Midlands",12,2003,2157,2178,193,59,74862,134,-21
"West Midlands",12,2004,2040,2096,131,177,72954,-46,-56
"West Midlands",12,2005,1810,1839,148,82,70305,66,-29
"West Midlands",12,2006,1729,1768,170,132,70575,38,-39
"West Midlands",12,2007,1859,1822,181,93,69246,88,37
"West Midlands",12,2008,1778,1793,104,67,69741,37,-15
"West Midlands",12,2009,1645,1642,116,77,70756,39,3
"West Midlands",12,2010,1645,1689,114,34,69060,80,-44
"West Midlands",12,2011,1595,1582,78,41,67606,37,13
"West Midlands",12,2012,1739,1754,255,28,66385,227,-15
"West Midlands",12,2013,1689,1619,237,36,64639,201,70
"West Midlands",13,2002,1930,1921,202,65,71776,137,9
"West Midlands",13,2003,1853,1905,213,63,72928,150,-52
"West Midlands",13,2004,1850,1952,127,153,74820,-26,-102
"West Midlands",13,2005,1743,1727,145,68,73290,77,16
"West Midlands",13,2006,1676,1653,167,133,70588,34,23
"West Midlands",13,2007,1684,1697,182,82,71080,100,-13
"West Midlands",13,2008,1584,1545,98,64,69673,34,39
"West Midlands",13,2009,1512,1578,112,66,70094,46,-66
"West Midlands",13,2010,1663,1665,107,33,71220,74,-2
"West Midlands",13,2011,1559,1477,78,40,69551,38,82
"West Midlands",13,2012,1519,1532,235,36,67790,199,-13
"West Midlands",13,2013,1628,1576,242,29,66649,213,52
"West Midlands",14,2002,1931,1995,209,72,72109,137,-64
"West Midlands",14,2003,1990,1955,239,61,71739,178,35
"West Midlands",14,2004,1971,2030,130,174,72676,-44,-59
"West Midlands",14,2005,2048,1960,142,76,75075,66,88
"West Midlands",14,2006,1864,1907,168,137,73528,31,-43
"West Midlands",14,2007,1903,1948,182,86,70859,96,-45
"West Midlands",14,2008,1831,1748,102,55,71612,47,83
"West Midlands",14,2009,1809,1750,117,73,70119,44,59
"West Midlands",14,2010,1712,1705,113,29,70558,84,7
"West Midlands",14,2011,1724,1677,83,39,71710,44,47
"West Midlands",14,2012,1806,1772,241,32,69789,209,34
"West Midlands",14,2013,1850,1714,265,42,68144,223,136
"West Midlands",15,2002,1636,1696,437,133,71226,304,-60
"West Midlands",15,2003,1734,1770,583,95,72101,488,-36
"West Midlands",15,2004,1667,1723,449,89,71730,360,-56
"West Midlands",15,2005,1683,1696,407,64,72820,343,-13
"West Midlands",15,2006,1716,1768,498,99,75496,399,-52
"West Midlands",15,2007,1730,1716,450,63,74138,387,14
"West Midlands",15,2008,1537,1546,475,79,71441,396,-9
"West Midlands",15,2009,1541,1483,462,78,72429,384,58
"West Midlands",15,2010,1517,1597,383,75,70672,308,-80
"West Midlands",15,2011,1468,1499,400,66,71215,334,-31
"West Midlands",15,2012,1606,1574,288,63,71955,225,32
"West Midlands",15,2013,1599,1532,268,79,70042,189,67
"West Midlands",16,2002,1666,1658,469,140,70184,329,8
"West Midlands",16,2003,1685,1702,639,97,71172,542,-17
"West Midlands",16,2004,1737,1704,491,98,72108,393,33
"West Midlands",16,2005,1645,1652,437,69,71833,368,-7
"West Midlands",16,2006,1693,1643,562,116,73145,446,50
"West Midlands",16,2007,1798,1756,499,74,76057,425,42
"West Midlands",16,2008,1778,1702,526,96,74864,430,76
"West Midlands",16,2009,1665,1654,510,100,72063,410,11
"West Midlands",16,2010,1638,1598,435,95,73192,340,40
"West Midlands",16,2011,1589,1580,460,74,71409,386,9
"West Midlands",16,2012,1643,1558,329,143,71458,186,85
"West Midlands",16,2013,1590,1573,310,141,72133,169,17
"West Midlands",17,2002,2138,2116,546,160,70182,386,22
"West Midlands",17,2003,2096,2169,764,118,70342,646,-73
"West Midlands",17,2004,2194,2192,624,113,71184,511,2
"West Midlands",17,2005,2234,2215,557,78,72212,479,19
"West Midlands",17,2006,2132,2176,720,151,72110,569,-44
"West Midlands",17,2007,2221,2221,645,95,73549,550,0
"West Midlands",17,2008,2352,2393,654,108,76641,546,-41
"West Midlands",17,2009,2176,2167,667,115,75675,552,9
"West Midlands",17,2010,2191,2169,565,117,72758,448,22
"West Midlands",17,2011,1985,2093,620,95,74031,525,-108
"West Midlands",17,2012,2166,2168,490,231,71571,259,-2
"West Midlands",17,2013,2065,2039,458,234,71628,224,26
"West Midlands",18,2002,4028,4278,854,266,67665,588,-250
"West Midlands",18,2003,4100,4234,1112,166,70727,946,-134
"West Midlands",18,2004,3939,4225,1087,222,70583,865,-286
"West Midlands",18,2005,4048,4124,1022,148,71418,874,-76
"West Midlands",18,2006,4100,4360,1280,276,72560,1004,-260
"West Midlands",18,2007,4149,4317,1195,168,72775,1027,-168
"West Midlands",18,2008,4031,4232,1219,200,74250,1019,-201
"West Midlands",18,2009,4251,4398,1220,226,77654,994,-147
"West Midlands",18,2010,4140,4266,1075,223,76703,852,-126
"West Midlands",18,2011,4007,4269,1227,179,73809,1048,-262
"West Midlands",18,2012,4276,4544,958,309,74440,649,-268
"West Midlands",18,2013,4075,4143,858,334,72079,524,-68
"West Midlands",19,2002,12249,13331,1297,398,66415,899,-1082
"West Midlands",19,2003,12431,13606,1643,264,67521,1379,-1175
"West Midlands",19,2004,11932,13462,1773,355,70235,1418,-1530
"West Midlands",19,2005,12074,13235,1667,265,70332,1402,-1161
"West Midlands",19,2006,12914,14106,2109,477,71259,1632,-1192
"West Midlands",19,2007,12461,13860,2014,298,72456,1716,-1399
"West Midlands",19,2008,11875,13513,2018,325,72544,1693,-1638
"West Midlands",19,2009,12621,13770,2041,403,74655,1638,-1149
"West Midlands",19,2010,13132,14337,1823,388,78033,1435,-1205
"West Midlands",19,2011,12894,14352,2091,320,77237,1771,-1458
"West Midlands",19,2012,14293,15310,1759,446,74137,1313,-1017
"West Midlands",19,2013,13295,14139,1650,480,74722,1170,-844
"West Midlands",20,2002,8482,8995,1595,716,66270,879,-513
"West Midlands",20,2003,8597,9030,1546,649,66869,897,-433
"West Midlands",20,2004,8331,9144,1930,682,67627,1248,-813
"West Midlands",20,2005,8526,9207,1824,500,70533,1324,-681
"West Midlands",20,2006,8423,9112,2356,683,70941,1673,-689
"West Midlands",20,2007,8183,9155,2394,762,71357,1632,-972
"West Midlands",20,2008,8413,9293,1850,432,72596,1418,-880
"West Midlands",20,2009,8240,9296,1829,981,72162,848,-1056
"West Midlands",20,2010,8727,9538,2210,704,75261,1506,-811
"West Midlands",20,2011,8826,9798,2742,882,79003,1860,-972
"West Midlands",20,2012,10565,11268,1810,670,77695,1140,-703
"West Midlands",20,2013,9324,9880,1900,739,74712,1161,-556
"West Midlands",21,2002,7632,8185,1975,900,67210,1075,-553
"West Midlands",21,2003,7339,8156,1881,804,66442,1077,-817
"West Midlands",21,2004,7471,8000,2414,857,67770,1557,-529
"West Midlands",21,2005,7843,8173,2277,610,68535,1667,-330
"West Midlands",21,2006,7779,8208,2943,828,71838,2115,-429
"West Midlands",21,2007,7908,8255,3027,955,72179,2072,-347
"West Midlands",21,2008,8003,8459,2321,541,72076,1780,-456
"West Midlands",21,2009,8215,8697,2331,1256,72737,1075,-482
"West Midlands",21,2010,7507,7557,2828,888,73735,1940,-50
"West Midlands",21,2011,7466,7611,3542,1153,77251,2389,-145
"West Midlands",21,2012,9025,9080,1989,757,80157,1232,-55
"West Midlands",21,2013,8824,8834,1840,886,78601,954,-10
"West Midlands",22,2002,7903,8762,2259,1067,66938,1192,-859
"West Midlands",22,2003,8217,8860,2141,957,67873,1184,-643
"West Midlands",22,2004,8199,8612,2790,1007,67720,1783,-413
"West Midlands",22,2005,9683,10036,2647,714,69242,1933,-353
"West Midlands",22,2006,9893,10047,3457,986,70459,2471,-154
"West Midlands",22,2007,9835,10171,3545,1138,73456,2407,-336
"West Midlands",22,2008,10033,10185,2722,625,73628,2097,-152
"West Midlands",22,2009,10459,10702,2705,1469,72489,1236,-243
"West Midlands",22,2010,10488,10622,3294,1049,74397,2245,-134
"West Midlands",22,2011,10090,10237,4128,1383,75994,2745,-147
"West Midlands",22,2012,9540,9687,2339,896,78526,1443,-147
"West Midlands",22,2013,9816,9903,2234,1097,81117,1137,-87
"West Midlands",23,2002,7120,7998,1922,1014,62532,908,-878
"West Midlands",23,2003,7392,8253,1889,891,67367,998,-861
"West Midlands",23,2004,7472,8197,2475,936,68732,1539,-725
"West Midlands",23,2005,8061,8484,2395,648,68946,1747,-423
"West Midlands",23,2006,8583,8946,3066,973,70888,2093,-363
"West Midlands",23,2007,8548,9007,3158,1091,71668,2067,-459
"West Midlands",23,2008,8434,9071,2396,608,74194,1788,-637
"West Midlands",23,2009,8692,9285,2359,1413,73491,946,-593
"West Midlands",23,2010,8820,9417,2878,997,73116,1881,-597
"West Midlands",23,2011,9074,9621,3550,1334,75547,2216,-547
"West Midlands",23,2012,8213,8603,2143,971,76725,1172,-390
"West Midlands",23,2013,8655,8916,2253,1196,79268,1057,-261
"West Midlands",24,2002,5569,6226,1730,981,58377,749,-657
"West Midlands",24,2003,6342,6754,1695,820,63420,875,-412
"West Midlands",24,2004,6296,7024,2214,871,68373,1343,-728
"West Midlands",24,2005,6872,7278,2161,594,69944,1567,-406
"West Midlands",24,2006,6888,7315,2793,935,70349,1858,-427
"West Midlands",24,2007,7110,7687,2837,1033,72035,1804,-577
"West Midlands",24,2008,6987,7443,2170,577,72438,1593,-456
"West Midlands",24,2009,7277,7717,2102,1324,74127,778,-440
"West Midlands",24,2010,7160,7671,2543,923,74113,1620,-511
"West Midlands",24,2011,7335,7821,3115,1262,73861,1853,-486
"West Midlands",24,2012,7196,7654,1721,995,75813,726,-458
"West Midlands",24,2013,7031,7476,1853,1224,76926,629,-445
"West Midlands",25,2002,5402,5827,1409,927,58069,482,-425
"West Midlands",25,2003,5546,5864,1544,870,59052,674,-318
"West Midlands",25,2004,5857,6235,1518,1063,63890,455,-378
"West Midlands",25,2005,6225,6415,1901,880,69518,1021,-190
"West Midlands",25,2006,6335,6824,1897,986,70469,911,-489
"West Midlands",25,2007,6369,6960,2323,1221,70742,1102,-591
"West Midlands",25,2008,6351,6820,2165,1009,72601,1156,-469
"West Midlands",25,2009,6392,6870,1765,1577,71733,188,-478
"West Midlands",25,2010,6252,6827,1923,1325,73771,598,-575
"West Midlands",25,2011,6412,6818,2251,1498,73989,753,-406
"West Midlands",25,2012,6468,6766,1561,983,74142,578,-298
"West Midlands",25,2013,6473,6827,1665,1156,76073,509,-354
"West Midlands",26,2002,5315,5540,1298,828,60159,470,-225
"West Midlands",26,2003,5310,5503,1421,795,58862,626,-193
"West Midlands",26,2004,5215,5523,1413,958,59504,455,-308
"West Midlands",26,2005,5855,6068,1750,812,65062,938,-213
"West Midlands",26,2006,6075,6424,1748,884,70399,864,-349
"West Midlands",26,2007,5972,6451,2140,1082,71147,1058,-479
"West Midlands",26,2008,5806,6391,2004,926,71181,1078,-585
"West Midlands",26,2009,5917,6281,1636,1399,72394,237,-364
"West Midlands",26,2010,5703,6173,1765,1155,71483,610,-470
"West Midlands",26,2011,6011,6257,2059,1300,73903,759,-246
"West Midlands",26,2012,5923,6344,1426,934,74084,492,-421
"West Midlands",26,2013,6112,6537,1460,1036,74188,424,-425
"West Midlands",27,2002,5209,5451,1194,700,62270,494,-242
"West Midlands",27,2003,5344,5529,1310,670,61050,640,-185
"West Midlands",27,2004,5041,5185,1284,826,59481,458,-144
"West Midlands",27,2005,5084,5238,1607,708,60580,899,-154
"West Midlands",27,2006,5562,5748,1596,765,66085,831,-186
"West Midlands",27,2007,5732,6058,1957,901,71484,1056,-326
"West Midlands",27,2008,5606,6098,1832,779,71774,1053,-492
"West Midlands",27,2009,5568,5919,1502,1178,71042,324,-351
"West Midlands",27,2010,5470,5922,1614,975,72473,639,-452
"West Midlands",27,2011,5294,5724,1892,1063,71527,829,-430
"West Midlands",27,2012,5568,5942,1280,879,73957,401,-374
"West Midlands",27,2013,5644,5983,1345,976,74124,369,-339
"West Midlands",28,2002,5379,5374,1126,644,65525,482,5
"West Midlands",28,2003,5329,5436,1241,626,63128,615,-107
"West Midlands",28,2004,5009,5272,1213,767,61649,446,-263
"West Midlands",28,2005,4890,5009,1516,657,60601,859,-119
"West Midlands",28,2006,4897,5166,1507,706,61445,801,-269
"West Midlands",28,2007,5308,5675,1846,835,67123,1011,-367
"West Midlands",28,2008,5526,5786,1726,732,72547,994,-260
"West Midlands",28,2009,5351,5632,1406,1101,71847,305,-281
"West Midlands",28,2010,5227,5606,1517,905,71189,612,-379
"West Midlands",28,2011,5321,5689,1763,984,72829,779,-368
"West Midlands",28,2012,5384,5616,1166,844,71662,322,-232
"West Midlands",28,2013,5563,5805,1194,932,73997,262,-242
"West Midlands",29,2002,5321,5344,1046,583,69813,463,-23
"West Midlands",29,2003,5225,5274,1140,563,66389,577,-49
"West Midlands",29,2004,4976,5211,1118,689,63648,429,-235
"West Midlands",29,2005,4949,5011,1381,598,62799,783,-62
"West Midlands",29,2006,4655,4810,1386,642,61480,744,-155
"West Midlands",29,2007,4866,4959,1688,743,62590,945,-93
"West Midlands",29,2008,5151,5363,1584,654,68235,930,-212
"West Midlands",29,2009,4979,5344,1298,984,72822,314,-365
"West Midlands",29,2010,4990,5240,1392,814,72279,578,-250
"West Midlands",29,2011,5059,5165,1629,874,71773,755,-106
"West Midlands",29,2012,5260,5463,971,782,72829,189,-203
"West Midlands",29,2013,5010,5308,1115,837,71675,278,-298
"West Midlands",30,2002,5328,5436,829,634,74680,195,-108
"West Midlands",30,2003,5123,5095,871,593,70432,278,28
"West Midlands",30,2004,5196,5182,908,909,66747,-1,14
"West Midlands",30,2005,4745,4754,1009,508,64540,501,-9
"West Midlands",30,2006,4753,4878,1248,700,63661,548,-125
"West Midlands",30,2007,4630,4674,1100,872,62040,228,-44
"West Midlands",30,2008,4561,4734,1293,504,63572,789,-173
"West Midlands",30,2009,4635,4976,1195,895,68620,300,-341
"West Midlands",30,2010,4881,5195,943,768,73080,175,-314
"West Midlands",30,2011,4787,4955,1066,868,72462,198,-168
"West Midlands",30,2012,5045,5158,853,737,71800,116,-113
"West Midlands",30,2013,5109,5255,934,746,72874,188,-146
"West Midlands",31,2002,5348,5278,753,566,77913,187,70
"West Midlands",31,2003,5187,5278,790,528,75085,262,-91
"West Midlands",31,2004,4911,5009,804,789,70663,15,-98
"West Midlands",31,2005,4736,4795,884,446,67480,438,-59
"West Midlands",31,2006,4569,4727,1096,614,65197,482,-158
"West Midlands",31,2007,4591,4810,970,774,64091,196,-219
"West Midlands",31,2008,4164,4339,1153,463,62839,690,-175
"West Midlands",31,2009,4234,4333,1052,798,64019,254,-99
"West Midlands",31,2010,4339,4549,838,687,68953,151,-210
"West Midlands",31,2011,4687,4859,953,774,73438,179,-172
"West Midlands",31,2012,4700,4999,816,652,72297,164,-299
"West Midlands",31,2013,4900,4955,859,688,71977,171,-55
"West Midlands",32,2002,4915,4946,719,551,78204,168,-31
"West Midlands",32,2003,5173,5270,756,522,78349,234,-97
"West Midlands",32,2004,4823,4834,765,752,75285,13,-11
"West Midlands",32,2005,4451,4479,839,429,71386,410,-28
"West Midlands",32,2006,4320,4480,1028,567,68105,461,-160
"West Midlands",32,2007,4454,4550,908,744,65618,164,-96
"West Midlands",32,2008,4067,4237,1081,426,64994,655,-170
"West Midlands",32,2009,3783,3987,1002,723,63266,279,-204
"West Midlands",32,2010,3804,3935,786,655,64335,131,-131
"West Midlands",32,2011,4191,4180,886,726,69545,160,11
"West Midlands",32,2012,4704,4814,697,567,73431,130,-110
"West Midlands",32,2013,4514,4549,792,656,72410,136,-35
"West Midlands",33,2002,4721,4656,648,492,79873,156,65
"West Midlands",33,2003,4770,4609,672,457,78655,215,161
"West Midlands",33,2004,4875,4848,680,640,78626,40,27
"West Midlands",33,2005,4406,4466,735,378,75862,357,-60
"West Midlands",33,2006,4250,4191,905,502,72150,403,59
"West Midlands",33,2007,4168,4273,795,665,68483,130,-105
"West Midlands",33,2008,4031,4107,948,372,66484,576,-76
"West Midlands",33,2009,3740,3797,878,624,65588,254,-57
"West Midlands",33,2010,3545,3648,696,582,63636,114,-103
"West Midlands",33,2011,3539,3589,785,636,64811,149,-50
"West Midlands",33,2012,4164,4319,629,510,69505,119,-155
"West Midlands",33,2013,4362,4393,676,606,73506,70,-31
"West Midlands",34,2002,4418,4259,632,486,80500,146,159
"West Midlands",34,2003,4537,4406,662,457,80277,205,131
"West Midlands",34,2004,4413,4363,661,629,78765,32,50
"West Midlands",34,2005,4469,4286,720,375,79395,345,183
"West Midlands",34,2006,4254,4305,879,489,76345,390,-51
"West Midlands",34,2007,4088,4195,763,645,72426,118,-107
"West Midlands",34,2008,3629,3677,914,366,69279,548,-48
"West Midlands",34,2009,3465,3606,843,599,66865,244,-141
"West Midlands",34,2010,3522,3601,672,563,66020,109,-79
"West Midlands",34,2011,3409,3390,755,611,64104,144,19
"West Midlands",34,2012,3620,3679,569,522,64802,47,-59
"West Midlands",34,2013,3880,3852,598,529,69622,69,28
"West Midlands",35,2002,4124,4054,611,392,81714,219,70
"West Midlands",35,2003,4315,4158,726,483,80941,243,157
"West Midlands",35,2004,4195,4035,526,353,80681,173,160
"West Midlands",35,2005,3874,3806,715,355,79275,360,68
"West Midlands",35,2006,4113,4116,862,551,79929,311,-3
"West Midlands",35,2007,4093,4097,832,451,76947,381,-4
"West Midlands",35,2008,3837,3889,739,370,73016,369,-52
"West Midlands",35,2009,3249,3395,673,541,69545,132,-146
"West Midlands",35,2010,3366,3467,586,514,67171,72,-101
"West Midlands",35,2011,3258,3273,633,634,66434,-1,-15
"West Midlands",35,2012,3367,3454,490,504,63973,-14,-87
"West Midlands",35,2013,3502,3514,500,548,64736,-48,-12
"West Midlands",36,2002,4020,3882,561,362,81727,199,138
"West Midlands",36,2003,3934,3892,661,444,81942,217,42
"West Midlands",36,2004,3888,3937,476,320,81047,156,-49
"West Midlands",36,2005,3763,3767,638,313,81126,325,-4
"West Midlands",36,2006,3794,3786,764,499,79621,265,8
"West Midlands",36,2007,3953,3982,743,408,80504,335,-29
"West Midlands",36,2008,3714,3656,668,341,77533,327,58
"West Midlands",36,2009,3273,3283,604,489,73438,115,-10
"West Midlands",36,2010,3141,3272,518,472,69823,46,-131
"West Midlands",36,2011,3053,3080,559,578,67517,-19,-27
"West Midlands",36,2012,3336,3430,462,404,66358,58,-94
"West Midlands",36,2013,3119,3166,467,476,63923,-9,-47
"West Midlands",37,2002,3596,3527,540,354,82037,186,69
"West Midlands",37,2003,3777,3617,647,428,82108,219,160
"West Midlands",37,2004,3685,3711,457,316,82026,141,-26
"West Midlands",37,2005,3469,3476,607,315,81329,292,-7
"West Midlands",37,2006,3554,3488,727,484,81424,243,66
"West Midlands",37,2007,3682,3690,717,401,79927,316,-8
"West Midlands",37,2008,3410,3630,640,343,80721,297,-220
"West Midlands",37,2009,3276,3332,583,492,77721,91,-56
"West Midlands",37,2010,3120,3215,509,464,73644,45,-95
"West Midlands",37,2011,2950,2887,545,570,70186,-25,63
"West Midlands",37,2012,3187,3191,404,419,67440,-15,-4
"West Midlands",37,2013,3219,3109,420,429,66456,-9,110
"West Midlands",38,2002,3273,3387,510,320,80871,190,-114
"West Midlands",38,2003,3383,3389,601,387,82292,214,-6
"West Midlands",38,2004,3352,3381,429,296,82200,133,-29
"West Midlands",38,2005,3376,3258,552,298,82353,254,118
"West Midlands",38,2006,3321,3348,678,456,81527,222,-27
"West Midlands",38,2007,3471,3511,652,363,81767,289,-40
"West Midlands",38,2008,3209,3260,586,318,80168,268,-51
"West Midlands",38,2009,2986,3133,544,452,80867,92,-147
"West Midlands",38,2010,3017,3112,468,429,77874,39,-95
"West Midlands",38,2011,2880,2967,496,517,73861,-21,-87
"West Midlands",38,2012,2969,3008,411,370,70140,41,-39
"West Midlands",38,2013,2902,2815,403,365,67527,38,87
"West Midlands",39,2002,3137,3080,487,307,79541,180,57
"West Midlands",39,2003,3146,3189,577,354,81109,223,-43
"West Midlands",39,2004,3113,3140,394,271,82362,123,-27
"West Midlands",39,2005,3098,3034,518,266,82496,252,64
"West Midlands",39,2006,3045,3117,617,412,82413,205,-72
"West Midlands",39,2007,3291,3376,597,343,81660,254,-85
"West Midlands",39,2008,3032,3106,536,298,81955,238,-74
"West Midlands",39,2009,2869,2977,490,407,80137,83,-108
"West Midlands",39,2010,3003,3038,426,392,81031,34,-35
"West Midlands",39,2011,2824,2887,457,466,77996,-9,-63
"West Midlands",39,2012,3023,3034,386,316,73845,70,-11
"West Midlands",39,2013,2760,2765,399,308,70183,91,-5
"West Midlands",40,2002,2849,2712,476,305,78686,171,137
"West Midlands",40,2003,2994,2921,420,348,79795,72,73
"West Midlands",40,2004,2980,2956,317,376,81113,-59,24
"West Midlands",40,2005,2884,2859,402,252,82555,150,25
"West Midlands",40,2006,2814,2894,491,487,82402,4,-80
"West Midlands",40,2007,3084,3087,547,403,82480,144,-3
"West Midlands",40,2008,2808,2936,474,366,81628,108,-128
"West Midlands",40,2009,2561,2735,478,335,81964,143,-174
"West Midlands",40,2010,2714,2807,407,503,79997,-96,-93
"West Midlands",40,2011,2687,2667,261,384,81167,-123,20
"West Midlands",40,2012,2930,2917,332,360,77879,-28,13
"West Midlands",40,2013,2764,2786,351,360,73758,-9,-22
"West Midlands",41,2002,2553,2557,467,284,76581,183,-4
"West Midlands",41,2003,2647,2617,400,320,78915,80,30
"West Midlands",41,2004,2719,2707,284,340,79801,-56,12
"West Midlands",41,2005,2684,2717,370,247,81309,123,-33
"West Midlands",41,2006,2611,2666,450,448,82514,2,-55
"West Midlands",41,2007,2865,2959,499,375,82407,124,-94
"West Midlands",41,2008,2759,2806,418,326,82476,92,-47
"West Midlands",41,2009,2586,2652,435,315,81681,120,-66
"West Midlands",41,2010,2632,2651,376,456,81920,-80,-19
"West Midlands",41,2011,2561,2618,244,347,79903,-103,-57
"West Midlands",41,2012,2886,2936,348,294,81117,54,-50
"West Midlands",41,2013,2753,2780,303,308,77823,-5,-27
"West Midlands",42,2002,2277,2216,448,260,73088,188,61
"West Midlands",42,2003,2494,2464,391,309,76654,82,30
"West Midlands",42,2004,2587,2501,259,307,79016,-48,86
"West Midlands",42,2005,2502,2540,336,220,79875,116,-38
"West Midlands",42,2006,2465,2557,390,393,81173,-3,-92
"West Midlands",42,2007,2750,2888,460,327,82414,133,-138
"West Midlands",42,2008,2496,2555,370,280,82327,90,-59
"West Midlands",42,2009,2429,2615,400,280,82247,120,-186
"West Midlands",42,2010,2541,2537,349,402,81526,-53,4
"West Midlands",42,2011,2335,2409,224,314,81709,-90,-74
"West Midlands",42,2012,2589,2620,330,257,79827,73,-31
"West Midlands",42,2013,2585,2599,335,283,81092,52,-14
"West Midlands",43,2002,2151,2078,409,229,71981,180,73
"West Midlands",43,2003,2335,2286,358,268,73104,90,49
"West Midlands",43,2004,2422,2464,239,264,76563,-25,-42
"West Midlands",43,2005,2307,2280,287,191,79270,96,27
"West Midlands",43,2006,2371,2457,355,341,79839,14,-86
"West Midlands",43,2007,2448,2551,408,298,81165,110,-103
"West Midlands",43,2008,2465,2455,330,257,82473,73,10
"West Midlands",43,2009,2220,2253,359,243,82360,116,-33
"West Midlands",43,2010,2313,2420,299,359,81989,-60,-107
"West Midlands",43,2011,2184,2366,195,283,81250,-88,-182
"West Midlands",43,2012,2506,2539,251,280,81558,-29,-33
"West Midlands",43,2013,2500,2456,274,270,79844,4,44
"West Midlands",44,2002,1943,2011,401,224,71138,177,-68
"West Midlands",44,2003,2128,2151,350,281,71951,69,-23
"West Midlands",44,2004,2055,2143,226,253,72861,-27,-88
"West Midlands",44,2005,2125,2171,278,185,76549,93,-46
"West Midlands",44,2006,2272,2258,332,330,79348,2,14
"West Midlands",44,2007,2355,2430,386,283,79881,103,-75
"West Midlands",44,2008,2396,2417,309,239,81222,70,-21
"West Midlands",44,2009,2126,2175,341,234,82493,107,-49
"West Midlands",44,2010,2183,2222,289,340,82238,-51,-39
"West Midlands",44,2011,2296,2305,189,262,81813,-73,-9
"West Midlands",44,2012,2423,2333,298,230,81315,68,90
"West Midlands",44,2013,2418,2422,241,200,81502,41,-4
"West Midlands",45,2002,1859,1849,174,356,68914,-182,10
"West Midlands",45,2003,1926,2010,179,136,70952,43,-84
"West Midlands",45,2004,1950,1960,229,262,71781,-33,-10
"West Midlands",45,2005,1887,1945,214,174,72692,40,-58
"West Midlands",45,2006,1986,2045,228,135,76498,93,-59
"West Midlands",45,2007,2238,2283,226,306,79244,-80,-45
"West Midlands",45,2008,2211,2265,286,151,79959,135,-54
"West Midlands",45,2009,2052,2133,349,296,81166,53,-81
"West Midlands",45,2010,2131,2189,245,165,82454,80,-58
"West Midlands",45,2011,2186,2161,247,202,82198,45,25
"West Midlands",45,2012,2357,2364,258,188,81751,70,-7
"West Midlands",45,2013,2288,2357,240,219,81115,21,-69
"West Midlands",46,2002,1710,1650,158,311,66882,-153,60
"West Midlands",46,2003,1801,1830,157,114,68795,43,-29
"West Midlands",46,2004,1836,1830,207,236,70752,-29,6
"West Midlands",46,2005,1790,1864,192,156,71635,36,-74
"West Midlands",46,2006,1789,1801,201,134,72571,67,-12
"West Midlands",46,2007,2062,2131,201,294,76258,-93,-69
"West Midlands",46,2008,2042,2098,257,143,79350,114,-56
"West Midlands",46,2009,1934,1957,320,276,79931,44,-23
"West Midlands",46,2010,1997,2040,214,153,81148,61,-43
"West Midlands",46,2011,1937,2036,226,185,82314,41,-99
"West Midlands",46,2012,2306,2321,233,211,82082,22,-15
"West Midlands",46,2013,2218,2221,203,192,81646,11,-3
"West Midlands",47,2002,1551,1538,141,313,65721,-172,13
"West Midlands",47,2003,1753,1777,152,110,66742,42,-24
"West Midlands",47,2004,1682,1742,197,205,68558,-8,-60
"West Midlands",47,2005,1682,1718,179,156,70575,23,-36
"West Midlands",47,2006,1671,1753,192,120,71485,72,-82
"West Midlands",47,2007,1937,1972,182,290,72213,-108,-35
"West Midlands",47,2008,1948,1979,236,144,76222,92,-31
"West Midlands",47,2009,1870,1905,306,258,79393,48,-35
"West Midlands",47,2010,1830,1889,201,152,79878,49,-59
"West Midlands",47,2011,1880,1882,206,182,81138,24,-2
"West Midlands",47,2012,2113,2194,200,162,82099,38,-81
"West Midlands",47,2013,2137,2063,202,166,82056,36,74
"West Midlands",48,2002,1605,1643,140,282,67006,-142,-38
"West Midlands",48,2003,1629,1591,153,107,65665,46,38
"West Midlands",48,2004,1561,1665,179,199,66469,-20,-104
"West Midlands",48,2005,1609,1619,164,136,68376,28,-10
"West Midlands",48,2006,1654,1671,169,119,70434,50,-17
"West Midlands",48,2007,1874,1885,172,262,71247,-90,-11
"West Midlands",48,2008,1792,1844,221,125,72114,96,-52
"West Midlands",48,2009,1713,1815,270,246,76054,24,-102
"West Midlands",48,2010,1893,1880,183,132,79502,51,13
"West Midlands",48,2011,1763,1794,192,161,79828,31,-31
"West Midlands",48,2012,2111,2068,212,177,81061,35,43
"West Midlands",48,2013,2027,2053,201,166,81979,35,-26
"West Midlands",49,2002,1509,1567,132,274,66657,-142,-58
"West Midlands",49,2003,1596,1633,136,105,66859,31,-37
"West Midlands",49,2004,1579,1625,171,186,65443,-15,-46
"West Midlands",49,2005,1507,1584,160,138,66238,22,-77
"West Midlands",49,2006,1590,1710,168,111,68107,57,-120
"West Midlands",49,2007,1770,1722,166,246,70183,-80,48
"West Midlands",49,2008,1703,1736,214,120,71143,94,-33
"West Midlands",49,2009,1647,1691,259,229,71886,30,-44
"West Midlands",49,2010,1790,1801,177,133,75948,44,-11
"West Midlands",49,2011,1748,1802,184,148,79482,36,-54
"West Midlands",49,2012,1922,1968,188,179,79609,9,-46
"West Midlands",49,2013,1943,1985,170,183,80820,-13,-42
"West Midlands",50,2002,1469,1502,92,94,65703,-2,-33
"West Midlands",50,2003,1555,1645,129,194,66397,-65,-90
"West Midlands",50,2004,1559,1573,68,181,66581,-113,-14
"West Midlands",50,2005,1480,1531,155,150,65208,5,-51
"West Midlands",50,2006,1546,1593,165,192,66002,-27,-47
"West Midlands",50,2007,1671,1733,115,153,67774,-38,-62
"West Midlands",50,2008,1610,1674,230,89,70050,141,-64
"West Midlands",50,2009,1479,1506,166,148,70937,18,-27
"West Midlands",50,2010,1616,1610,71,123,71639,-52,6
"West Midlands",50,2011,1724,1725,205,162,75884,43,-1
"West Midlands",50,2012,1927,1998,185,157,79244,28,-71
"West Midlands",50,2013,1938,1982,192,146,79403,46,-44
"West Midlands",51,2002,1406,1517,89,93,65992,-4,-111
"West Midlands",51,2003,1482,1529,129,184,65397,-55,-47
"West Midlands",51,2004,1444,1513,63,173,66095,-110,-69
"West Midlands",51,2005,1343,1425,146,135,66343,11,-82
"West Midlands",51,2006,1348,1413,155,191,64919,-36,-65
"West Midlands",51,2007,1580,1626,105,143,65757,-38,-46
"West Midlands",51,2008,1530,1548,220,81,67701,139,-18
"West Midlands",51,2009,1316,1380,159,149,69781,10,-64
"West Midlands",51,2010,1515,1505,68,123,70756,-55,10
"West Midlands",51,2011,1562,1562,181,158,71447,23,0
"West Midlands",51,2012,1732,1795,186,136,75691,50,-63
"West Midlands",51,2013,1740,1834,170,134,78977,36,-94
"West Midlands",52,2002,1426,1452,87,91,68327,-4,-26
"West Midlands",52,2003,1368,1417,127,184,65696,-57,-49
"West Midlands",52,2004,1382,1415,64,180,64956,-116,-33
"West Midlands",52,2005,1282,1377,150,138,65892,12,-95
"West Midlands",52,2006,1340,1391,156,179,66050,-23,-51
"West Midlands",52,2007,1442,1505,108,144,64587,-36,-63
"West Midlands",52,2008,1533,1475,205,90,65774,115,58
"West Midlands",52,2009,1305,1359,151,148,67407,3,-54
"West Midlands",52,2010,1409,1507,66,125,69371,-59,-98
"West Midlands",52,2011,1342,1385,190,150,70534,40,-43
"West Midlands",52,2012,1573,1635,156,145,71189,11,-62
"West Midlands",52,2013,1728,1728,172,140,75504,32,0
"West Midlands",53,2002,1465,1542,85,74,70615,11,-77
"West Midlands",53,2003,1436,1518,117,170,67925,-53,-82
"West Midlands",53,2004,1390,1423,55,162,65330,-107,-33
"West Midlands",53,2005,1262,1337,138,131,64619,7,-75
"West Midlands",53,2006,1312,1344,157,176,65655,-19,-32
"West Midlands",53,2007,1460,1526,100,137,65721,-37,-66
"West Midlands",53,2008,1318,1342,204,76,64438,128,-24
"West Midlands",53,2009,1242,1266,147,134,65585,13,-24
"West Midlands",53,2010,1296,1350,58,117,67033,-59,-54
"West Midlands",53,2011,1361,1367,172,145,69142,27,-6
"West Midlands",53,2012,1522,1539,161,124,70314,37,-17
"West Midlands",53,2013,1534,1596,118,136,70874,-18,-62
"West Midlands",54,2002,1420,1562,87,89,74210,-2,-142
"West Midlands",54,2003,1408,1498,116,178,70131,-62,-90
"West Midlands",54,2004,1373,1412,60,173,67477,-113,-39
"West Midlands",54,2005,1123,1256,152,132,64964,20,-133
"West Midlands",54,2006,1212,1242,156,170,64288,-14,-30
"West Midlands",54,2007,1404,1463,109,140,65385,-31,-59
"West Midlands",54,2008,1340,1336,211,80,65616,131,4
"West Midlands",54,2009,1120,1191,159,144,64149,15,-71
"West Midlands",54,2010,1263,1338,63,130,65218,-67,-75
"West Midlands",54,2011,1289,1297,177,153,66762,24,-8
"West Midlands",54,2012,1514,1537,136,127,68880,9,-23
"West Midlands",54,2013,1528,1534,118,129,70031,-11,-6
"West Midlands",55,2002,1576,1627,95,136,77491,-41,-51
"West Midlands",55,2003,1495,1587,69,190,73564,-121,-92
"West Midlands",55,2004,1437,1508,93,203,69654,-110,-71
"West Midlands",55,2005,1229,1267,85,99,67060,-14,-38
"West Midlands",55,2006,1165,1282,88,95,64538,-7,-117
"West Midlands",55,2007,1295,1368,70,104,63876,-34,-73
"West Midlands",55,2008,1305,1341,72,134,65088,-62,-36
"West Midlands",55,2009,1119,1172,86,42,65368,44,-53
"West Midlands",55,2010,1153,1185,93,82,63861,11,-32
"West Midlands",55,2011,1192,1256,112,85,64940,27,-64
"West Midlands",55,2012,1398,1403,118,102,66503,16,-5
"West Midlands",55,2013,1415,1518,114,129,68501,-15,-103
"West Midlands",56,2002,1317,1330,98,138,64708,-40,-13
"West Midlands",56,2003,1515,1655,64,199,76998,-135,-140
"West Midlands",56,2004,1418,1485,86,202,72901,-116,-67
"West Midlands",56,2005,1239,1334,79,100,69186,-21,-95
"West Midlands",56,2006,1226,1253,86,86,66678,0,-27
"West Midlands",56,2007,1318,1388,66,108,64120,-42,-70
"West Midlands",56,2008,1188,1297,78,123,63389,-45,-109
"West Midlands",56,2009,1048,1090,87,36,64897,51,-42
"West Midlands",56,2010,1091,1167,95,83,65022,12,-76
"West Midlands",56,2011,1153,1171,115,86,63589,29,-18
"West Midlands",56,2012,1285,1372,137,114,64602,23,-87
"West Midlands",56,2013,1364,1400,116,116,66184,0,-36
"West Midlands",57,2002,1189,1298,90,112,65261,-22,-109
"West Midlands",57,2003,1187,1270,66,174,64071,-108,-83
"West Midlands",57,2004,1536,1650,79,169,76573,-90,-114
"West Midlands",57,2005,1290,1364,71,77,72360,-6,-74
"West Midlands",57,2006,1291,1344,75,85,68738,-10,-53
"West Midlands",57,2007,1288,1357,57,88,66157,-31,-69
"West Midlands",57,2008,1172,1267,66,119,63662,-53,-95
"West Midlands",57,2009,893,986,73,39,62990,34,-93
"West Midlands",57,2010,1088,1147,77,62,64646,15,-59
"West Midlands",57,2011,1108,1186,98,78,64693,20,-78
"West Midlands",57,2012,1162,1211,118,82,63252,36,-49
"West Midlands",57,2013,1253,1212,122,125,64337,-3,41
"West Midlands",58,2002,1181,1259,75,112,65521,-37,-78
"West Midlands",58,2003,1191,1207,58,164,64749,-106,-16
"West Midlands",58,2004,1147,1234,72,153,63394,-81,-87
"West Midlands",58,2005,1341,1456,63,83,76179,-20,-115
"West Midlands",58,2006,1221,1278,66,73,71778,-7,-57
"West Midlands",58,2007,1326,1405,56,90,68206,-34,-79
"West Midlands",58,2008,1175,1241,59,103,65646,-44,-66
"West Midlands",58,2009,897,910,63,49,63328,14,-13
"West Midlands",58,2010,1053,1052,68,61,62653,7,1
"West Midlands",58,2011,1119,1071,91,77,64428,14,48
"West Midlands",58,2012,1161,1244,138,110,64255,28,-83
"West Midlands",58,2013,1126,1188,117,129,62847,-12,-62
"West Midlands",59,2002,1048,1147,83,99,62223,-16,-99
"West Midlands",59,2003,1140,1200,63,152,65093,-89,-60
"West Midlands",59,2004,1094,1192,70,156,64059,-86,-98
"West Midlands",59,2005,999,1106,68,82,62743,-14,-107
"West Midlands",59,2006,1271,1365,69,76,75789,-7,-94
"West Midlands",59,2007,1311,1419,56,83,71087,-27,-108
"West Midlands",59,2008,1152,1216,71,105,67667,-34,-64
"West Midlands",59,2009,917,979,71,40,65200,31,-62
"West Midlands",59,2010,973,1070,71,60,62864,11,-97
"West Midlands",59,2011,976,1029,84,70,62218,14,-53
"West Midlands",59,2012,1152,1178,116,100,64039,16,-26
"West Midlands",59,2013,1105,1180,113,96,63786,17,-75
"West Midlands",60,2002,1032,1096,58,66,55733,-8,-64
"West Midlands",60,2003,1107,1221,48,58,61620,-10,-114
"West Midlands",60,2004,1231,1366,42,116,64550,-74,-135
"West Midlands",60,2005,995,1155,98,230,63334,-132,-160
"West Midlands",60,2006,1051,1127,91,168,62029,-77,-76
"West Midlands",60,2007,1454,1579,71,337,75022,-266,-125
"West Midlands",60,2008,1197,1290,40,23,70448,17,-93
"West Midlands",60,2009,971,1026,65,53,67180,12,-55
"West Midlands",60,2010,1138,1168,74,50,64758,24,-30
"West Midlands",60,2011,1021,1079,68,92,62401,-24,-58
"West Midlands",60,2012,1071,1164,138,93,61766,45,-93
"West Midlands",60,2013,1112,1185,106,122,63569,-16,-73
"West Midlands",61,2002,801,903,63,62,51888,1,-102
"West Midlands",61,2003,917,1011,52,59,55166,-7,-94
"West Midlands",61,2004,1097,1202,50,136,60921,-86,-105
"West Midlands",61,2005,1010,1142,112,239,63894,-127,-132
"West Midlands",61,2006,998,1147,84,170,62572,-86,-149
"West Midlands",61,2007,1140,1241,75,330,61110,-255,-101
"West Midlands",61,2008,1261,1332,47,30,74593,17,-71
"West Midlands",61,2009,987,997,69,64,69865,5,-10
"West Midlands",61,2010,1069,1162,74,54,66588,20,-93
"West Midlands",61,2011,992,1137,67,91,64119,-24,-145
"West Midlands",61,2012,1053,1130,112,96,61917,16,-77
"West Midlands",61,2013,1057,1079,113,103,61321,10,-22
"West Midlands",62,2002,840,900,57,54,53576,3,-60
"West Midlands",62,2003,814,920,47,44,51190,3,-106
"West Midlands",62,2004,930,1010,41,106,54549,-65,-80
"West Midlands",62,2005,878,967,92,177,60241,-85,-89
"West Midlands",62,2006,948,1058,65,123,63296,-58,-110
"West Midlands",62,2007,1078,1226,58,261,61689,-203,-148
"West Midlands",62,2008,963,997,34,27,60472,7,-34
"West Midlands",62,2009,952,1002,53,44,74166,9,-50
"West Midlands",62,2010,1012,996,53,44,69297,9,16
"West Midlands",62,2011,936,1015,49,72,65992,-23,-79
"West Midlands",62,2012,1052,1142,131,95,63603,36,-90
"West Midlands",62,2013,1010,1066,101,105,61375,-4,-56
"West Midlands",63,2002,808,901,51,52,53667,-1,-93
"West Midlands",63,2003,837,932,40,53,52904,-13,-95
"West Midlands",63,2004,780,837,37,118,50464,-81,-57
"West Midlands",63,2005,704,769,90,187,53892,-97,-65
"West Midlands",63,2006,841,907,76,141,59573,-65,-66
"West Midlands",63,2007,1049,1151,64,269,62605,-205,-102
"West Midlands",63,2008,923,995,37,26,61068,11,-72
"West Midlands",63,2009,707,748,48,47,59804,1,-41
"West Midlands",63,2010,1075,1092,56,47,73679,9,-17
"West Midlands",63,2011,939,1007,59,81,68535,-22,-68
"West Midlands",63,2012,1035,1099,98,85,65358,13,-64
"West Midlands",63,2013,975,1016,107,71,63083,36,-41
"West Midlands",64,2002,793,792,54,54,52734,0,1
"West Midlands",64,2003,800,852,43,42,52929,1,-52
"West Midlands",64,2004,811,870,42,105,52124,-63,-59
"West Midlands",64,2005,637,660,84,170,49705,-86,-23
"West Midlands",64,2006,755,834,64,126,53225,-62,-79
"West Midlands",64,2007,928,1038,62,244,58672,-182,-110
"West Midlands",64,2008,873,922,36,22,62086,14,-49
"West Midlands",64,2009,641,667,46,48,60443,-2,-26
"West Midlands",64,2010,799,818,54,45,59152,9,-19
"West Midlands",64,2011,939,1010,48,65,73090,-17,-71
"West Midlands",64,2012,1040,1168,102,98,67800,4,-128
"West Midlands",64,2013,970,1012,107,85,64750,22,-42
"West Midlands",65,2002,771,888,50,90,51524,-40,-117
"West Midlands",65,2003,836,885,37,112,51961,-75,-49
"West Midlands",65,2004,851,939,53,143,52045,-90,-88
"West Midlands",65,2005,733,792,43,66,51361,-23,-59
"West Midlands",65,2006,722,722,117,268,48879,-151,0
"West Midlands",65,2007,885,960,43,116,52508,-73,-75
"West Midlands",65,2008,807,818,183,88,58165,95,-11
"West Midlands",65,2009,677,731,86,86,61534,0,-54
"West Midlands",65,2010,770,790,92,64,59857,28,-20
"West Midlands",65,2011,730,809,76,87,58370,-11,-79
"West Midlands",65,2012,1122,1278,98,80,72204,18,-156
"West Midlands",65,2013,969,1049,128,83,67111,45,-80
"West Midlands",66,2002,740,756,35,73,49489,-38,-16
"West Midlands",66,2003,781,813,27,95,50652,-68,-32
"West Midlands",66,2004,727,797,44,115,51092,-71,-70
"West Midlands",66,2005,670,729,35,57,51243,-22,-59
"West Midlands",66,2006,696,728,92,207,50478,-115,-32
"West Midlands",66,2007,727,783,30,78,48100,-48,-56
"West Midlands",66,2008,709,744,149,77,51961,72,-35
"West Midlands",66,2009,556,574,63,64,57492,-1,-18
"West Midlands",66,2010,731,788,72,45,60977,27,-57
"West Midlands",66,2011,790,790,57,68,59173,-11,0
"West Midlands",66,2012,851,967,83,68,57683,15,-116
"West Midlands",66,2013,990,1078,83,68,71382,15,-88
"West Midlands",67,2002,627,657,38,64,47364,-26,-30
"West Midlands",67,2003,687,724,29,70,48683,-41,-37
"West Midlands",67,2004,669,720,37,93,49748,-56,-51
"West Midlands",67,2005,593,618,29,44,50340,-15,-25
"West Midlands",67,2006,594,655,79,176,50267,-97,-61
"West Midlands",67,2007,724,716,25,79,49663,-54,8
"West Midlands",67,2008,553,566,120,50,47415,70,-13
"West Midlands",67,2009,508,518,57,53,51368,4,-10
"West Midlands",67,2010,622,677,61,29,56795,32,-55
"West Midlands",67,2011,711,638,61,50,60470,11,73
"West Midlands",67,2012,770,835,61,50,58412,11,-65
"West Midlands",67,2013,752,819,88,52,56936,36,-67
"West Midlands",68,2002,587,596,30,45,45052,-15,-9
"West Midlands",68,2003,592,600,26,59,46508,-33,-8
"West Midlands",68,2004,569,633,33,72,47731,-39,-64
"West Midlands",68,2005,569,573,26,36,48898,-10,-4
"West Midlands",68,2006,555,600,58,147,49432,-89,-45
"West Midlands",68,2007,631,636,21,76,49357,-55,-5
"West Midlands",68,2008,552,610,96,45,48885,51,-58
"West Midlands",68,2009,426,426,44,40,46664,4,0
"West Midlands",68,2010,582,578,39,26,50747,13,4
"West Midlands",68,2011,591,661,42,40,56073,2,-70
"West Midlands",68,2012,742,749,87,52,59734,35,-7
"West Midlands",68,2013,749,758,90,64,57623,26,-9
"West Midlands",69,2002,531,585,44,67,44778,-23,-54
"West Midlands",69,2003,532,565,31,74,44082,-43,-33
"West Midlands",69,2004,558,563,45,97,45569,-52,-5
"West Midlands",69,2005,482,509,34,48,46789,-14,-27
"West Midlands",69,2006,552,569,86,187,47923,-101,-17
"West Midlands",69,2007,621,659,20,77,48517,-57,-38
"West Midlands",69,2008,516,535,124,60,48496,64,-19
"West Midlands",69,2009,449,441,59,46,48058,13,8
"West Midlands",69,2010,485,460,61,43,45906,18,25
"West Midlands",69,2011,547,539,53,54,50050,-1,8
"West Midlands",69,2012,611,706,73,33,55216,40,-95
"West Midlands",69,2013,764,745,74,61,58882,13,19
"West Midlands",70,2002,558,554,22,31,45221,-9,4
"West Midlands",70,2003,501,531,25,34,43792,-9,-30
"West Midlands",70,2004,535,553,18,30,43101,-12,-18
"West Midlands",70,2005,477,486,11,15,44668,-4,-9
"West Midlands",70,2006,483,497,30,73,45810,-43,-14
"West Midlands",70,2007,603,615,14,32,47017,-18,-12
"West Midlands",70,2008,467,474,49,27,47664,22,-7
"West Midlands",70,2009,430,396,34,28,47703,6,34
"West Midlands",70,2010,500,506,27,20,47237,7,-6
"West Midlands",70,2011,484,483,39,32,45055,7,1
"West Midlands",70,2012,566,628,51,47,49219,4,-62
"West Midlands",70,2013,598,639,52,55,54336,-3,-41
"West Midlands",71,2002,517,528,20,27,44728,-7,-11
"West Midlands",71,2003,530,544,18,31,44115,-13,-14
"West Midlands",71,2004,470,495,13,37,42732,-24,-25
"West Midlands",71,2005,426,451,10,18,42065,-8,-25
"West Midlands",71,2006,432,483,27,78,43656,-51,-51
"West Midlands",71,2007,553,565,11,32,44824,-21,-12
"West Midlands",71,2008,471,489,48,29,46058,19,-18
"West Midlands",71,2009,362,380,33,27,46716,6,-18
"West Midlands",71,2010,459,492,25,18,46755,7,-33
"West Midlands",71,2011,452,448,34,32,46341,2,4
"West Midlands",71,2012,470,481,55,41,44275,14,-11
"West Midlands",71,2013,574,590,69,37,48398,32,-16
"West Midlands",72,2002,525,521,17,27,43169,-10,4
"West Midlands",72,2003,498,475,13,31,43549,-18,23
"West Midlands",72,2004,497,519,12,29,42967,-17,-22
"West Midlands",72,2005,393,421,12,13,41582,-1,-28
"West Midlands",72,2006,377,403,31,56,41029,-25,-26
"West Midlands",72,2007,533,519,7,21,42673,-14,14
"West Midlands",72,2008,420,472,52,19,43867,33,-52
"West Midlands",72,2009,342,351,26,17,45090,9,-9
"West Midlands",72,2010,443,435,26,15,45798,11,8
"West Midlands",72,2011,426,438,31,24,45873,7,-12
"West Midlands",72,2012,476,488,48,43,45403,5,-12
"West Midlands",72,2013,439,490,45,43,43321,2,-51
"West Midlands",73,2002,542,535,18,37,41295,-19,7
"West Midlands",73,2003,496,471,11,33,41871,-22,25
"West Midlands",73,2004,469,483,8,34,42248,-26,-14
"West Midlands",73,2005,408,466,8,17,41684,-9,-58
"West Midlands",73,2006,366,403,28,57,40404,-29,-37
"West Midlands",73,2007,458,449,15,29,39962,-14,9
"West Midlands",73,2008,448,454,47,27,41652,20,-6
"West Midlands",73,2009,336,331,27,29,42823,-2,5
"West Midlands",73,2010,414,417,25,14,44105,11,-3
"West Midlands",73,2011,399,422,28,33,44864,-5,-23
"West Midlands",73,2012,494,519,38,27,44878,11,-25
"West Midlands",73,2013,509,512,45,24,44387,21,-3
"West Midlands",74,2002,462,460,23,23,39437,0,2
"West Midlands",74,2003,420,502,23,29,39788,-6,-82
"West Midlands",74,2004,482,480,12,23,40514,-11,2
"West Midlands",74,2005,369,371,11,11,41007,0,-2
"West Midlands",74,2006,394,380,29,51,40483,-22,14
"West Midlands",74,2007,416,404,6,27,39197,-21,12
"West Midlands",74,2008,361,374,45,14,38903,31,-13
"West Midlands",74,2009,357,335,22,18,40541,4,22
"West Midlands",74,2010,383,404,18,14,41747,4,-21
"West Midlands",74,2011,407,388,29,23,43105,6,19
"West Midlands",74,2012,437,431,44,14,43869,30,6
"West Midlands",74,2013,457,473,47,5,43816,42,-16
"West Midlands",75,2002,457,458,7,8,38478,-1,-1
"West Midlands",75,2003,427,426,12,11,37957,1,1
"West Midlands",75,2004,450,424,4,12,38374,-8,26
"West Midlands",75,2005,394,412,4,1,39142,3,-18
"West Midlands",75,2006,389,425,16,33,39624,-17,-36
"West Midlands",75,2007,481,437,7,22,39264,-15,44
"West Midlands",75,2008,338,361,22,2,37996,20,-23
"West Midlands",75,2009,338,336,7,9,37734,-2,2
"West Midlands",75,2010,342,377,8,1,39444,7,-35
"West Midlands",75,2011,345,359,15,8,40601,7,-14
"West Midlands",75,2012,446,477,44,4,42019,40,-31
"West Midlands",75,2013,431,444,30,5,42693,25,-13
"West Midlands",76,2002,421,445,6,13,37078,-7,-24
"West Midlands",76,2003,427,402,13,19,36836,-6,25
"West Midlands",76,2004,397,447,4,9,36447,-5,-50
"West Midlands",76,2005,365,384,1,4,36811,-3,-19
"West Midlands",76,2006,411,450,10,30,37615,-20,-39
"West Midlands",76,2007,437,422,12,20,38187,-8,15
"West Midlands",76,2008,360,364,16,13,37933,3,-4
"West Midlands",76,2009,312,297,8,6,36797,2,15
"West Midlands",76,2010,393,369,9,8,36568,1,24
"West Midlands",76,2011,359,350,13,11,38294,2,9
"West Midlands",76,2012,382,378,35,16,39444,19,4
"West Midlands",76,2013,494,473,24,4,40918,20,21
"West Midlands",77,2002,407,418,5,5,34972,0,-11
"West Midlands",77,2003,376,363,8,15,35287,-7,13
"West Midlands",77,2004,426,425,7,14,35205,-7,1
"West Midlands",77,2005,360,356,6,2,34919,4,4
"West Midlands",77,2006,348,349,12,25,35300,-13,-1
"West Midlands",77,2007,457,449,1,14,36133,-13,8
"West Midlands",77,2008,391,399,12,7,36815,5,-8
"West Midlands",77,2009,266,318,4,2,36558,2,-52
"West Midlands",77,2010,353,314,7,7,35505,0,39
"West Midlands",77,2011,372,363,16,8,35318,8,9
"West Midlands",77,2012,391,412,21,4,37033,17,-21
"West Midlands",77,2013,392,439,29,10,38134,19,-47
"West Midlands",78,2002,431,405,3,4,33117,-1,26
"West Midlands",78,2003,403,424,9,10,33125,-1,-21
"West Midlands",78,2004,385,394,1,8,33518,-7,-9
"West Midlands",78,2005,407,396,0,2,33476,-2,11
"West Midlands",78,2006,352,385,4,36,33275,-32,-33
"West Midlands",78,2007,364,415,10,28,33634,-18,-51
"West Midlands",78,2008,352,357,16,2,34675,14,-5
"West Midlands",78,2009,301,316,13,9,35274,4,-15
"West Midlands",78,2010,353,340,4,5,35193,-1,13
"West Midlands",78,2011,373,384,22,8,34141,14,-11
"West Midlands",78,2012,376,373,22,10,34018,12,3
"West Midlands",78,2013,358,377,21,3,35690,18,-19
"West Midlands",79,2002,425,464,3,8,31713,-5,-39
"West Midlands",79,2003,458,437,11,12,31247,-1,21
"West Midlands",79,2004,442,386,4,10,31334,-6,56
"West Midlands",79,2005,396,376,2,2,31726,0,20
"West Midlands",79,2006,386,413,5,19,31747,-14,-27
"West Midlands",79,2007,364,409,0,7,31634,-7,-45
"West Midlands",79,2008,379,351,5,3,32057,2,28
"West Midlands",79,2009,306,320,2,4,33092,-2,-14
"West Midlands",79,2010,391,392,2,2,33842,0,-1
"West Midlands",79,2011,356,373,3,5,33697,-2,-17
"West Midlands",79,2012,391,409,17,6,32795,11,-18
"West Midlands",79,2013,365,349,24,5,32650,19,16
"West Midlands",80,2002,462,438,0,1,31214,-1,24
"West Midlands",80,2003,401,411,9,6,29809,3,-10
"West Midlands",80,2004,384,371,5,2,29391,3,13
"West Midlands",80,2005,397,432,3,3,29424,0,-35
"West Midlands",80,2006,402,384,0,7,30049,-7,18
"West Midlands",80,2007,390,390,1,6,29975,-5,0
"West Midlands",80,2008,371,382,7,4,29920,3,-11
"West Midlands",80,2009,343,343,4,1,30416,3,0
"West Midlands",80,2010,359,334,0,2,31538,-2,25
"West Midlands",80,2011,384,383,1,3,32212,-2,1
"West Midlands",80,2012,410,411,18,3,32166,15,-1
"West Midlands",80,2013,347,395,20,4,31253,16,-48
"West Midlands",81,2002,449,438,0,5,30718,-5,11
"West Midlands",81,2003,452,421,5,3,29184,2,31
"West Midlands",81,2004,407,437,4,1,27794,3,-30
"West Midlands",81,2005,382,353,0,1,27537,-1,29
"West Midlands",81,2006,391,366,1,5,27587,-4,25
"West Midlands",81,2007,406,386,0,4,28229,-4,20
"West Midlands",81,2008,319,359,6,2,28145,4,-40
"West Midlands",81,2009,311,302,3,0,28157,3,9
"West Midlands",81,2010,363,366,0,0,28714,0,-3
"West Midlands",81,2011,347,363,1,3,29873,-2,-16
"West Midlands",81,2012,423,456,21,4,30551,17,-33
"West Midlands",81,2013,375,390,16,2,30445,14,-15
"West Midlands",82,2002,512,460,2,0,28040,2,52
"West Midlands",82,2003,446,454,7,3,28299,4,-8
"West Midlands",82,2004,452,434,2,0,27028,2,18
"West Midlands",82,2005,395,412,1,0,25795,1,-17
"West Midlands",82,2006,378,371,0,2,25651,-2,7
"West Midlands",82,2007,400,377,0,1,25728,-1,23
"West Midlands",82,2008,315,333,2,0,26351,2,-18
"West Midlands",82,2009,336,328,0,0,26366,0,8
"West Midlands",82,2010,308,316,2,0,26453,2,-8
"West Midlands",82,2011,349,342,1,0,27104,1,7
"West Midlands",82,2012,389,381,10,3,28207,7,8
"West Midlands",82,2013,458,429,11,3,28671,8,29
"West Midlands",83,2002,335,324,1,3,20087,-2,11
"West Midlands",83,2003,498,488,4,0,25614,4,10
"West Midlands",83,2004,469,433,1,1,25910,0,36
"West Midlands",83,2005,392,389,0,0,24935,0,3
"West Midlands",83,2006,369,375,0,1,23832,-1,-6
"West Midlands",83,2007,400,381,4,0,23791,4,19
"West Midlands",83,2008,336,369,0,1,23822,-1,-33
"West Midlands",83,2009,308,291,0,0,24535,0,17
"West Midlands",83,2010,347,343,1,0,24567,1,4
"West Midlands",83,2011,379,363,0,0,24691,0,16
"West Midlands",83,2012,374,427,18,6,25364,12,-53
"West Midlands",83,2013,429,422,15,1,26368,14,7
"West Midlands",84,2002,307,285,1,0,15946,1,22
"West Midlands",84,2003,308,299,8,5,18465,3,9
"West Midlands",84,2004,488,470,2,5,23212,-3,18
"West Midlands",84,2005,403,406,0,2,23624,-2,-3
"West Midlands",84,2006,386,407,0,12,22818,-12,-21
"West Midlands",84,2007,393,382,2,7,21913,-5,11
"West Midlands",84,2008,393,377,7,2,21887,5,16
"West Midlands",84,2009,312,319,6,7,21905,-1,-7
"West Midlands",84,2010,323,350,0,2,22615,-2,-27
"West Midlands",84,2011,372,350,1,2,22713,-1,22
"West Midlands",84,2012,380,405,13,0,22884,13,-25
"West Midlands",84,2013,367,388,9,0,23468,9,-21
"West Midlands",85,2002,289,301,1,1,15343,0,-12
"West Midlands",85,2003,311,324,14,5,14286,9,-13
"West Midlands",85,2004,327,301,1,2,16799,-1,26
"West Midlands",85,2005,440,418,0,0,20898,0,22
"West Midlands",85,2006,399,399,3,9,21299,-6,0
"West Midlands",85,2007,438,388,1,5,20752,-4,50
"West Midlands",85,2008,343,340,1,2,19986,-1,3
"West Midlands",85,2009,308,306,6,6,19984,0,2
"West Midlands",85,2010,393,373,3,7,20078,-4,20
"West Midlands",85,2011,359,346,4,1,20724,3,13
"West Midlands",85,2012,372,384,18,3,20859,15,-12
"West Midlands",85,2013,406,391,4,2,20889,2,15
"West Midlands",86,2002,314,310,1,3,13982,-2,4
"West Midlands",86,2003,299,279,2,0,13641,2,20
"West Midlands",86,2004,274,264,3,0,12673,3,10
"West Midlands",86,2005,256,248,0,1,15118,-1,8
"West Midlands",86,2006,372,395,0,4,18517,-4,-23
"West Midlands",86,2007,400,409,0,2,18985,-2,-9
"West Midlands",86,2008,356,384,0,1,18695,-1,-28
"West Midlands",86,2009,315,336,1,0,18011,1,-21
"West Midlands",86,2010,356,373,0,1,18134,-1,-17
"West Midlands",86,2011,352,335,0,0,18290,0,17
"West Midlands",86,2012,362,336,5,4,18843,1,26
"West Midlands",86,2013,405,407,10,1,18895,9,-2
"West Midlands",87,2002,344,348,0,1,13468,-1,-4
"West Midlands",87,2003,297,270,3,0,12186,3,27
"West Midlands",87,2004,300,306,0,2,11970,-2,-6
"West Midlands",87,2005,293,287,1,0,11209,1,6
"West Midlands",87,2006,286,256,9,3,13592,6,30
"West Midlands",87,2007,396,363,0,3,16327,-3,33
"West Midlands",87,2008,366,369,2,2,16896,0,-3
"West Midlands",87,2009,369,384,3,2,16686,1,-15
"West Midlands",87,2010,357,351,0,1,16131,-1,6
"West Midlands",87,2011,374,367,0,1,16298,-1,7
"West Midlands",87,2012,393,404,4,0,16404,4,-11
"West Midlands",87,2013,400,405,7,1,16865,6,-5
"West Midlands",88,2002,321,329,0,1,11508,-1,-8
"West Midlands",88,2003,292,305,3,0,11638,3,-13
"West Midlands",88,2004,267,268,0,2,10528,-2,-1
"West Midlands",88,2005,259,253,0,0,10312,0,6
"West Midlands",88,2006,222,214,0,2,9664,-2,8
"West Midlands",88,2007,274,247,5,2,12149,3,27
"West Midlands",88,2008,370,387,0,1,14097,-1,-17
"West Midlands",88,2009,318,344,0,0,14697,0,-26
"West Midlands",88,2010,351,345,0,1,14797,-1,6
"West Midlands",88,2011,342,340,0,0,14322,0,2
"West Midlands",88,2012,359,373,2,1,14524,1,-14
"West Midlands",88,2013,369,385,10,2,14509,8,-16
"West Midlands",89,2002,257,246,0,0,9487,0,11
"West Midlands",89,2003,288,288,2,0,9821,2,0
"West Midlands",89,2004,292,275,0,0,9929,0,17
"West Midlands",89,2005,239,230,0,1,8876,-1,9
"West Midlands",89,2006,238,244,0,0,8836,0,-6
"West Midlands",89,2007,242,213,0,0,8341,0,29
"West Midlands",89,2008,196,205,0,0,10710,0,-9
"West Midlands",89,2009,321,315,0,0,11981,0,6
"West Midlands",89,2010,354,371,0,0,12714,0,-17
"West Midlands",89,2011,310,323,0,0,12855,0,-13
"West Midlands",89,2012,289,290,8,3,12586,5,-1
"West Midlands",89,2013,343,357,4,0,12628,4,-14
"West Midlands",90,2002,1084,993,0,2,31911,-2,91
"West Midlands",90,2003,1059,998,3,0,32935,3,61
"West Midlands",90,2004,1149,1130,1,1,34000,0,19
"West Midlands",90,2005,1110,1071,0,0,34967,0,39
"West Midlands",90,2006,1084,1051,0,2,35202,-2,33
"West Midlands",90,2007,1111,1096,0,0,35442,0,15
"West Midlands",90,2008,1077,1082,0,3,34914,-3,-5
"West Midlands",90,2009,1046,1030,0,0,36671,0,16
"West Midlands",90,2010,1247,1192,0,0,39617,0,55
"West Midlands",90,2011,1306,1299,0,0,42543,0,7
"West Midlands",90,2012,1601,1629,27,2,45248,25,-28
"West Midlands",90,2013,1542,1549,19,0,46625,19,-7
"Yorkshire and The Humber",0,2002,2554,2471,256,174,55430,82,83
"Yorkshire and The Humber",0,2003,2666,2427,231,151,56529,80,239
"Yorkshire and The Humber",0,2004,2692,2540,258,127,59338,131,152
"Yorkshire and The Humber",0,2005,2615,2550,264,119,60325,145,65
"Yorkshire and The Humber",0,2006,2649,2649,213,189,61843,24,0
"Yorkshire and The Humber",0,2007,2866,2857,358,227,63358,131,9
"Yorkshire and The Humber",0,2008,2816,2838,217,116,65785,101,-22
"Yorkshire and The Humber",0,2009,2963,3009,163,102,65743,61,-46
"Yorkshire and The Humber",0,2010,2967,3025,145,64,66321,81,-58
"Yorkshire and The Humber",0,2011,3119,3106,245,71,66066,174,13
"Yorkshire and The Humber",0,2012,2874,2250,323,101,67980,222,624
"Yorkshire and The Humber",0,2013,2025,1807,223,101,65625,122,218
"Yorkshire and The Humber",1,2002,2529,2415,232,151,55155,81,114
"Yorkshire and The Humber",1,2003,2481,2349,199,132,55670,67,132
"Yorkshire and The Humber",1,2004,2660,2468,217,109,56818,108,192
"Yorkshire and The Humber",1,2005,2393,2303,227,107,59504,120,90
"Yorkshire and The Humber",1,2006,2436,2439,191,171,60349,20,-3
"Yorkshire and The Humber",1,2007,2659,2730,317,192,62177,125,-71
"Yorkshire and The Humber",1,2008,2608,2597,200,102,63622,98,11
"Yorkshire and The Humber",1,2009,2612,2679,145,94,65789,51,-67
"Yorkshire and The Humber",1,2010,2660,2707,130,56,65851,74,-47
"Yorkshire and The Humber",1,2011,2869,2824,219,57,66494,162,45
"Yorkshire and The Humber",1,2012,3086,3056,410,99,66361,311,30
"Yorkshire and The Humber",1,2013,3059,3073,428,93,68262,335,-14
"Yorkshire and The Humber",2,2002,2616,2370,240,144,56918,96,246
"Yorkshire and The Humber",2,2003,2347,2221,223,133,55577,90,126
"Yorkshire and The Humber",2,2004,2397,2279,243,120,56015,123,118
"Yorkshire and The Humber",2,2005,2156,2097,245,115,57068,130,59
"Yorkshire and The Humber",2,2006,2336,2347,207,175,59533,32,-11
"Yorkshire and The Humber",2,2007,2607,2534,337,196,60643,141,73
"Yorkshire and The Humber",2,2008,2499,2443,206,117,62686,89,56
"Yorkshire and The Humber",2,2009,2491,2534,158,95,63842,63,-43
"Yorkshire and The Humber",2,2010,2613,2703,136,68,65876,68,-90
"Yorkshire and The Humber",2,2011,2586,2663,238,56,66101,182,-77
"Yorkshire and The Humber",2,2012,2825,2794,359,93,66781,266,31
"Yorkshire and The Humber",2,2013,2945,2912,418,107,66706,311,33
"Yorkshire and The Humber",3,2002,2427,2285,214,130,58828,84,142
"Yorkshire and The Humber",3,2003,2280,2156,200,116,57330,84,124
"Yorkshire and The Humber",3,2004,2169,2118,209,100,55990,109,51
"Yorkshire and The Humber",3,2005,1988,1916,219,99,56330,120,72
"Yorkshire and The Humber",3,2006,2048,2030,178,154,57173,24,18
"Yorkshire and The Humber",3,2007,2316,2281,294,166,59716,128,35
"Yorkshire and The Humber",3,2008,2180,2217,193,100,60788,93,-37
"Yorkshire and The Humber",3,2009,2160,2228,144,84,63062,60,-68
"Yorkshire and The Humber",3,2010,2218,2375,119,54,63988,65,-157
"Yorkshire and The Humber",3,2011,2333,2463,208,51,65998,157,-130
"Yorkshire and The Humber",3,2012,2490,2558,345,118,66257,227,-68
"Yorkshire and The Humber",3,2013,2640,2625,334,121,67008,213,15
"Yorkshire and The Humber",4,2002,2262,2118,206,129,60165,77,144
"Yorkshire and The Humber",4,2003,2112,1925,193,114,59360,79,187
"Yorkshire and The Humber",4,2004,1971,2017,204,101,57648,103,-46
"Yorkshire and The Humber",4,2005,1794,1812,220,97,56346,123,-18
"Yorkshire and The Humber",4,2006,1704,1692,170,160,56467,10,12
"Yorkshire and The Humber",4,2007,1916,1954,284,162,57318,122,-38
"Yorkshire and The Humber",4,2008,1861,1996,185,96,59705,89,-135
"Yorkshire and The Humber",4,2009,1895,1957,137,78,60866,59,-62
"Yorkshire and The Humber",4,2010,1959,2127,115,52,63325,63,-168
"Yorkshire and The Humber",4,2011,2007,2092,195,49,64286,146,-85
"Yorkshire and The Humber",4,2012,2196,2297,339,107,66129,232,-101
"Yorkshire and The Humber",4,2013,2312,2344,353,99,66480,254,-32
"Yorkshire and The Humber",5,2002,2039,1954,206,92,62010,114,85
"Yorkshire and The Humber",5,2003,1984,1847,167,49,60615,118,137
"Yorkshire and The Humber",5,2004,1836,1814,239,79,59833,160,22
"Yorkshire and The Humber",5,2005,1594,1608,118,121,57854,-3,-14
"Yorkshire and The Humber",5,2006,1578,1650,91,119,56484,-28,-72
"Yorkshire and The Humber",5,2007,1553,1610,229,123,56632,106,-57
"Yorkshire and The Humber",5,2008,1479,1575,158,64,57358,94,-96
"Yorkshire and The Humber",5,2009,1583,1665,167,69,59748,98,-82
"Yorkshire and The Humber",5,2010,1521,1709,142,44,60870,98,-188
"Yorkshire and The Humber",5,2011,1681,1754,110,59,63667,51,-73
"Yorkshire and The Humber",5,2012,1766,1875,286,86,64376,200,-109
"Yorkshire and The Humber",5,2013,1830,1853,271,76,66297,195,-23
"Yorkshire and The Humber",6,2002,1888,1837,188,82,62863,106,51
"Yorkshire and The Humber",6,2003,1805,1841,160,47,62272,113,-36
"Yorkshire and The Humber",6,2004,1738,1735,216,70,60977,146,3
"Yorkshire and The Humber",6,2005,1474,1571,106,100,59995,6,-97
"Yorkshire and The Humber",6,2006,1394,1471,79,106,57979,-27,-77
"Yorkshire and The Humber",6,2007,1505,1524,199,114,56783,85,-19
"Yorkshire and The Humber",6,2008,1384,1547,141,56,56678,85,-163
"Yorkshire and The Humber",6,2009,1395,1440,147,61,57466,86,-45
"Yorkshire and The Humber",6,2010,1468,1618,132,40,59738,92,-150
"Yorkshire and The Humber",6,2011,1455,1531,98,53,60908,45,-76
"Yorkshire and The Humber",6,2012,1566,1672,245,71,63739,174,-106
"Yorkshire and The Humber",6,2013,1650,1704,251,81,64492,170,-54
"Yorkshire and The Humber",7,2002,1852,1782,198,89,62218,109,70
"Yorkshire and The Humber",7,2003,1694,1664,170,45,63226,125,30
"Yorkshire and The Humber",7,2004,1738,1703,213,83,62650,130,35
"Yorkshire and The Humber",7,2005,1416,1434,109,111,61176,-2,-18
"Yorkshire and The Humber",7,2006,1452,1468,82,110,60219,-28,-16
"Yorkshire and The Humber",7,2007,1483,1552,197,109,58233,88,-69
"Yorkshire and The Humber",7,2008,1296,1458,144,61,56950,83,-162
"Yorkshire and The Humber",7,2009,1334,1393,155,57,56846,98,-59
"Yorkshire and The Humber",7,2010,1243,1342,131,43,57538,88,-99
"Yorkshire and The Humber",7,2011,1345,1408,99,61,59723,38,-63
"Yorkshire and The Humber",7,2012,1510,1564,231,64,61015,167,-54
"Yorkshire and The Humber",7,2013,1580,1580,224,67,63898,157,0
"Yorkshire and The Humber",8,2002,1895,1826,196,86,64309,110,69
"Yorkshire and The Humber",8,2003,1735,1697,160,53,62390,107,38
"Yorkshire and The Humber",8,2004,1610,1572,229,76,63621,153,38
"Yorkshire and The Humber",8,2005,1507,1499,111,112,62829,-1,8
"Yorkshire and The Humber",8,2006,1364,1395,83,109,61317,-26,-31
"Yorkshire and The Humber",8,2007,1459,1445,207,115,60587,92,14
"Yorkshire and The Humber",8,2008,1366,1428,146,57,58497,89,-62
"Yorkshire and The Humber",8,2009,1297,1380,151,57,57204,94,-83
"Yorkshire and The Humber",8,2010,1276,1342,131,42,56995,89,-66
"Yorkshire and The Humber",8,2011,1278,1342,103,60,57576,43,-64
"Yorkshire and The Humber",8,2012,1358,1440,205,53,59794,152,-82
"Yorkshire and The Humber",8,2013,1495,1522,201,62,61129,139,-27
"Yorkshire and The Humber",9,2002,1831,1705,185,82,65136,103,126
"Yorkshire and The Humber",9,2003,1736,1660,147,52,64583,95,76
"Yorkshire and The Humber",9,2004,1618,1571,213,78,62602,135,47
"Yorkshire and The Humber",9,2005,1421,1434,102,113,63790,-11,-13
"Yorkshire and The Humber",9,2006,1377,1455,74,115,62886,-41,-78
"Yorkshire and The Humber",9,2007,1389,1458,196,111,61532,85,-69
"Yorkshire and The Humber",9,2008,1287,1388,148,56,60844,92,-101
"Yorkshire and The Humber",9,2009,1213,1288,145,59,58739,86,-75
"Yorkshire and The Humber",9,2010,1222,1338,126,44,57422,82,-116
"Yorkshire and The Humber",9,2011,1249,1257,95,65,57129,30,-8
"Yorkshire and The Humber",9,2012,1338,1342,209,37,57743,172,-4
"Yorkshire and The Humber",9,2013,1396,1454,207,54,59887,153,-58
"Yorkshire and The Humber",10,2002,1811,1750,240,57,67704,183,61
"Yorkshire and The Humber",10,2003,1757,1648,214,69,65418,145,109
"Yorkshire and The Humber",10,2004,1598,1567,154,99,64793,55,31
"Yorkshire and The Humber",10,2005,1392,1404,217,103,62723,114,-12
"Yorkshire and The Humber",10,2006,1394,1411,174,145,63974,29,-17
"Yorkshire and The Humber",10,2007,1467,1494,195,80,63183,115,-27
"Yorkshire and The Humber",10,2008,1264,1345,115,59,61699,56,-81
"Yorkshire and The Humber",10,2009,1212,1311,121,62,61074,59,-99
"Yorkshire and The Humber",10,2010,1191,1293,105,19,58962,86,-102
"Yorkshire and The Humber",10,2011,1145,1220,71,18,57644,53,-75
"Yorkshire and The Humber",10,2012,1278,1307,208,42,57266,166,-29
"Yorkshire and The Humber",10,2013,1282,1268,205,45,57914,160,14
"Yorkshire and The Humber",11,2002,1716,1711,235,47,69003,188,5
"Yorkshire and The Humber",11,2003,1790,1725,211,71,67851,140,65
"Yorkshire and The Humber",11,2004,1438,1457,147,98,65559,49,-19
"Yorkshire and The Humber",11,2005,1394,1435,206,90,64992,116,-41
"Yorkshire and The Humber",11,2006,1383,1391,172,140,62782,32,-8
"Yorkshire and The Humber",11,2007,1453,1422,192,71,64308,121,31
"Yorkshire and The Humber",11,2008,1329,1398,109,51,63354,58,-69
"Yorkshire and The Humber",11,2009,1225,1319,112,61,61857,51,-94
"Yorkshire and The Humber",11,2010,1127,1231,105,15,61344,90,-104
"Yorkshire and The Humber",11,2011,1158,1190,69,22,59218,47,-32
"Yorkshire and The Humber",11,2012,1291,1240,235,39,57897,196,51
"Yorkshire and The Humber",11,2013,1188,1256,217,35,57381,182,-68
"Yorkshire and The Humber",12,2002,1668,1539,226,43,67244,183,129
"Yorkshire and The Humber",12,2003,1645,1662,215,60,68897,155,-17
"Yorkshire and The Humber",12,2004,1688,1632,151,100,67914,51,56
"Yorkshire and The Humber",12,2005,1393,1374,205,81,65749,124,19
"Yorkshire and The Humber",12,2006,1381,1337,165,126,65167,39,44
"Yorkshire and The Humber",12,2007,1355,1369,188,72,62914,116,-14
"Yorkshire and The Humber",12,2008,1300,1300,113,55,64545,58,0
"Yorkshire and The Humber",12,2009,1335,1346,113,57,63585,56,-11
"Yorkshire and The Humber",12,2010,1234,1258,106,18,62134,88,-24
"Yorkshire and The Humber",12,2011,1173,1195,69,22,61624,47,-22
"Yorkshire and The Humber",12,2012,1275,1218,187,42,59418,145,57
"Yorkshire and The Humber",12,2013,1261,1252,191,43,58050,148,9
"Yorkshire and The Humber",13,2002,1485,1479,222,50,65962,172,6
"Yorkshire and The Humber",13,2003,1515,1475,230,65,66866,165,40
"Yorkshire and The Humber",13,2004,1562,1505,146,97,68774,49,57
"Yorkshire and The Humber",13,2005,1354,1336,204,79,67993,125,18
"Yorkshire and The Humber",13,2006,1262,1341,164,126,65779,38,-79
"Yorkshire and The Humber",13,2007,1296,1384,172,71,65293,101,-88
"Yorkshire and The Humber",13,2008,1216,1311,99,56,62906,43,-95
"Yorkshire and The Humber",13,2009,1137,1267,107,60,64652,47,-130
"Yorkshire and The Humber",13,2010,1205,1302,97,22,63762,75,-97
"Yorkshire and The Humber",13,2011,1032,1143,64,28,62277,36,-111
"Yorkshire and The Humber",13,2012,1130,1177,200,37,61737,163,-47
"Yorkshire and The Humber",13,2013,1132,1117,209,21,59620,188,15
"Yorkshire and The Humber",14,2002,1675,1671,229,43,67118,186,4
"Yorkshire and The Humber",14,2003,1573,1498,264,62,65525,202,75
"Yorkshire and The Humber",14,2004,1409,1476,151,95,66261,56,-67
"Yorkshire and The Humber",14,2005,1429,1509,204,80,68581,124,-80
"Yorkshire and The Humber",14,2006,1368,1474,165,131,67860,34,-106
"Yorkshire and The Humber",14,2007,1358,1388,176,70,65915,106,-30
"Yorkshire and The Humber",14,2008,1270,1355,101,57,65359,44,-85
"Yorkshire and The Humber",14,2009,1176,1288,111,59,62873,52,-112
"Yorkshire and The Humber",14,2010,1161,1315,103,20,64768,83,-154
"Yorkshire and The Humber",14,2011,1149,1267,67,22,63884,45,-118
"Yorkshire and The Humber",14,2012,1187,1241,219,47,62392,172,-54
"Yorkshire and The Humber",14,2013,1170,1243,213,39,61839,174,-73
"Yorkshire and The Humber",15,2002,1328,1290,471,112,65911,359,38
"Yorkshire and The Humber",15,2003,1423,1446,596,88,66817,508,-23
"Yorkshire and The Humber",15,2004,1302,1322,467,62,65095,405,-20
"Yorkshire and The Humber",15,2005,1216,1184,538,78,66097,460,32
"Yorkshire and The Humber",15,2006,1264,1249,439,117,68624,322,15
"Yorkshire and The Humber",15,2007,1281,1375,433,67,68009,366,-94
"Yorkshire and The Humber",15,2008,1155,1228,449,61,66231,388,-73
"Yorkshire and The Humber",15,2009,1137,1224,434,65,65689,369,-87
"Yorkshire and The Humber",15,2010,1110,1153,331,64,63075,267,-43
"Yorkshire and The Humber",15,2011,1018,1033,330,36,65177,294,-15
"Yorkshire and The Humber",15,2012,1142,1183,239,64,64014,175,-41
"Yorkshire and The Humber",15,2013,1077,1059,234,53,62587,181,18
"Yorkshire and The Humber",16,2002,1425,1379,517,127,65247,390,46
"Yorkshire and The Humber",16,2003,1337,1322,672,97,66094,575,15
"Yorkshire and The Humber",16,2004,1406,1359,523,78,66875,445,47
"Yorkshire and The Humber",16,2005,1311,1262,610,90,65299,520,49
"Yorkshire and The Humber",16,2006,1236,1248,498,138,66172,360,-12
"Yorkshire and The Humber",16,2007,1310,1369,484,81,68788,403,-59
"Yorkshire and The Humber",16,2008,1256,1337,498,69,68681,429,-81
"Yorkshire and The Humber",16,2009,1237,1286,481,79,67039,402,-49
"Yorkshire and The Humber",16,2010,1202,1264,366,70,66309,296,-62
"Yorkshire and The Humber",16,2011,1088,1130,375,44,63654,331,-42
"Yorkshire and The Humber",16,2012,1107,1156,310,147,65421,163,-49
"Yorkshire and The Humber",16,2013,1169,1225,280,120,64247,160,-56
"Yorkshire and The Humber",17,2002,1793,1865,598,147,65171,451,-72
"Yorkshire and The Humber",17,2003,1849,1811,823,110,65689,713,38
"Yorkshire and The Humber",17,2004,1874,1748,653,85,66148,568,126
"Yorkshire and The Humber",17,2005,1764,1712,771,106,67255,665,52
"Yorkshire and The Humber",17,2006,1777,1814,643,173,65296,470,-37
"Yorkshire and The Humber",17,2007,1844,1908,624,92,66187,532,-64
"Yorkshire and The Humber",17,2008,1769,1828,639,89,69572,550,-59
"Yorkshire and The Humber",17,2009,1758,1804,634,93,69373,541,-46
"Yorkshire and The Humber",17,2010,1713,1822,495,82,67457,413,-109
"Yorkshire and The Humber",17,2011,1623,1645,518,56,66995,462,-22
"Yorkshire and The Humber",17,2012,1703,1697,422,175,64535,247,6
"Yorkshire and The Humber",17,2013,1585,1598,400,172,66246,228,-13
"Yorkshire and The Humber",18,2002,4506,3573,960,232,63424,728,933
"Yorkshire and The Humber",18,2003,4704,3605,1215,189,65966,1026,1099
"Yorkshire and The Humber",18,2004,4501,3419,1199,136,66424,1063,1082
"Yorkshire and The Humber",18,2005,4586,3399,1493,192,66907,1301,1187
"Yorkshire and The Humber",18,2006,4749,3584,1177,318,67940,859,1165
"Yorkshire and The Humber",18,2007,4716,3556,1205,168,66151,1037,1160
"Yorkshire and The Humber",18,2008,4740,3468,1237,187,67459,1050,1272
"Yorkshire and The Humber",18,2009,4927,3656,1214,204,71087,1010,1271
"Yorkshire and The Humber",18,2010,4843,3641,1013,160,70748,853,1202
"Yorkshire and The Humber",18,2011,4800,3303,1065,126,69540,939,1497
"Yorkshire and The Humber",18,2012,5125,3727,886,325,68551,561,1398
"Yorkshire and The Humber",18,2013,4596,3405,697,325,65518,372,1191
"Yorkshire and The Humber",19,2002,16459,11846,1478,372,67351,1106,4613
"Yorkshire and The Humber",19,2003,17608,11504,1852,296,70347,1556,6104
"Yorkshire and The Humber",19,2004,17804,11716,1986,215,73007,1771,6088
"Yorkshire and The Humber",19,2005,18076,11578,2526,323,74265,2203,6498
"Yorkshire and The Humber",19,2006,18756,12076,1966,552,73936,1414,6680
"Yorkshire and The Humber",19,2007,18882,12413,2049,301,75405,1748,6469
"Yorkshire and The Humber",19,2008,18478,11586,2091,333,73982,1758,6892
"Yorkshire and The Humber",19,2009,18851,12011,2061,372,75341,1689,6840
"Yorkshire and The Humber",19,2010,19307,12735,1754,282,78817,1472,6572
"Yorkshire and The Humber",19,2011,19261,12482,1861,215,79046,1646,6779
"Yorkshire and The Humber",19,2012,21629,13922,1565,469,78297,1096,7707
"Yorkshire and The Humber",19,2013,18802,12665,1402,412,75447,990,6137
"Yorkshire and The Humber",20,2002,10397,8185,1855,682,69096,1173,2212
"Yorkshire and The Humber",20,2003,9945,7942,1808,752,69914,1056,2003
"Yorkshire and The Humber",20,2004,10061,8048,2160,437,73419,1723,2013
"Yorkshire and The Humber",20,2005,10512,8275,2818,657,76665,2161,2237
"Yorkshire and The Humber",20,2006,10552,8075,2190,801,77314,1389,2477
"Yorkshire and The Humber",20,2007,10088,7745,2431,786,77015,1645,2343
"Yorkshire and The Humber",20,2008,10975,8259,1909,477,78768,1432,2716
"Yorkshire and The Humber",20,2009,11008,8482,1842,880,76692,962,2526
"Yorkshire and The Humber",20,2010,10926,8238,2129,511,79056,1618,2688
"Yorkshire and The Humber",20,2011,11242,8415,2430,601,83180,1829,2827
"Yorkshire and The Humber",20,2012,13292,10185,1666,640,83191,1026,3107
"Yorkshire and The Humber",20,2013,10556,9186,1648,628,80588,1020,1370
"Yorkshire and The Humber",21,2002,7500,8675,2349,838,69051,1511,-1175
"Yorkshire and The Humber",21,2003,7327,8411,2293,960,68927,1333,-1084
"Yorkshire and The Humber",21,2004,7448,8432,2759,530,70544,2229,-984
"Yorkshire and The Humber",21,2005,7547,8673,3626,833,74353,2793,-1126
"Yorkshire and The Humber",21,2006,7727,8894,2775,1011,76418,1764,-1167
"Yorkshire and The Humber",21,2007,7963,9250,3105,1032,77254,2073,-1287
"Yorkshire and The Humber",21,2008,7736,9425,2441,635,76039,1806,-1689
"Yorkshire and The Humber",21,2009,8454,9895,2378,1125,77751,1253,-1441
"Yorkshire and The Humber",21,2010,7370,8449,2765,662,76923,2103,-1079
"Yorkshire and The Humber",21,2011,7246,8361,3169,771,79631,2398,-1115
"Yorkshire and The Humber",21,2012,8432,9706,1766,746,82906,1020,-1274
"Yorkshire and The Humber",21,2013,8087,9797,1697,796,82336,901,-1710
"Yorkshire and The Humber",22,2002,8017,9820,2747,1008,66940,1739,-1803
"Yorkshire and The Humber",22,2003,8079,9658,2628,1140,68597,1488,-1579
"Yorkshire and The Humber",22,2004,7881,9756,3204,619,69215,2585,-1875
"Yorkshire and The Humber",22,2005,9051,10800,4242,989,71526,3253,-1749
"Yorkshire and The Humber",22,2006,9010,11507,3246,1162,73238,2084,-2497
"Yorkshire and The Humber",22,2007,9474,11887,3620,1219,75650,2401,-2413
"Yorkshire and The Humber",22,2008,9311,12081,2849,710,75739,2139,-2770
"Yorkshire and The Humber",22,2009,9932,12775,2753,1313,73604,1440,-2843
"Yorkshire and The Humber",22,2010,10006,12988,3212,756,76448,2456,-2982
"Yorkshire and The Humber",22,2011,9342,12878,3680,927,75352,2753,-3536
"Yorkshire and The Humber",22,2012,9144,12101,2205,941,77969,1264,-2957
"Yorkshire and The Humber",22,2013,9276,12250,2048,960,80967,1088,-2974
"Yorkshire and The Humber",23,2002,6769,8735,2217,961,61161,1256,-1966
"Yorkshire and The Humber",23,2003,7144,8789,2192,1096,66361,1096,-1645
"Yorkshire and The Humber",23,2004,7270,8743,2845,595,69087,2250,-1473
"Yorkshire and The Humber",23,2005,7724,9297,3664,934,70059,2730,-1573
"Yorkshire and The Humber",23,2006,7978,9798,2817,1159,70937,1658,-1820
"Yorkshire and The Humber",23,2007,7856,10107,3147,1242,72270,1905,-2251
"Yorkshire and The Humber",23,2008,7875,10332,2434,713,74147,1721,-2457
"Yorkshire and The Humber",23,2009,8157,10937,2345,1241,73256,1104,-2780
"Yorkshire and The Humber",23,2010,8124,10814,2743,717,72027,2026,-2690
"Yorkshire and The Humber",23,2011,8385,11531,3135,875,74871,2260,-3146
"Yorkshire and The Humber",23,2012,7576,10426,1999,969,73535,1030,-2850
"Yorkshire and The Humber",23,2013,7691,10620,1971,1040,75957,931,-2929
"Yorkshire and The Humber",24,2002,5266,6475,1945,910,55537,1035,-1209
"Yorkshire and The Humber",24,2003,5761,6782,1916,1020,61246,896,-1021
"Yorkshire and The Humber",24,2004,6023,6806,2499,560,67501,1939,-783
"Yorkshire and The Humber",24,2005,6306,7351,3194,886,70087,2308,-1045
"Yorkshire and The Humber",24,2006,6321,7390,2479,1110,70066,1369,-1069
"Yorkshire and The Humber",24,2007,6375,7716,2771,1214,70738,1557,-1341
"Yorkshire and The Humber",24,2008,6324,7721,2135,681,71655,1454,-1397
"Yorkshire and The Humber",24,2009,6462,8231,2037,1166,72543,871,-1769
"Yorkshire and The Humber",24,2010,6379,8219,2361,656,72387,1705,-1840
"Yorkshire and The Humber",24,2011,6348,8197,2699,820,71162,1879,-1849
"Yorkshire and The Humber",24,2012,6398,8204,1578,1026,73654,552,-1806
"Yorkshire and The Humber",24,2013,6146,7955,1660,1013,72362,647,-1809
"Yorkshire and The Humber",25,2002,4632,5303,1574,871,54120,703,-671
"Yorkshire and The Humber",25,2003,4906,5376,1707,1060,55873,647,-470
"Yorkshire and The Humber",25,2004,5419,5852,1638,622,62011,1016,-433
"Yorkshire and The Humber",25,2005,5547,6240,2775,1186,68361,1589,-693
"Yorkshire and The Humber",25,2006,5622,6208,1650,1150,69669,500,-586
"Yorkshire and The Humber",25,2007,5373,6461,2181,1339,69513,842,-1088
"Yorkshire and The Humber",25,2008,5480,6347,2070,1150,70226,920,-867
"Yorkshire and The Humber",25,2009,5576,6712,1655,1438,70047,217,-1136
"Yorkshire and The Humber",25,2010,5760,6886,1689,947,71405,742,-1126
"Yorkshire and The Humber",25,2011,5564,6831,1886,972,71238,914,-1267
"Yorkshire and The Humber",25,2012,5476,6678,1427,1028,70366,399,-1202
"Yorkshire and The Humber",25,2013,5637,6858,1378,931,72853,447,-1221
"Yorkshire and The Humber",26,2002,4319,4844,1448,780,56270,668,-525
"Yorkshire and The Humber",26,2003,4369,4807,1548,932,54482,616,-438
"Yorkshire and The Humber",26,2004,4619,4954,1493,552,56648,941,-335
"Yorkshire and The Humber",26,2005,5016,5260,2534,1051,63421,1483,-244
"Yorkshire and The Humber",26,2006,5011,5517,1509,994,68302,515,-506
"Yorkshire and The Humber",26,2007,4992,5679,1988,1142,69577,846,-687
"Yorkshire and The Humber",26,2008,4950,5733,1877,1016,69228,861,-783
"Yorkshire and The Humber",26,2009,5084,5948,1506,1257,69118,249,-864
"Yorkshire and The Humber",26,2010,4822,5621,1532,801,69332,731,-799
"Yorkshire and The Humber",26,2011,5106,5823,1708,840,70806,868,-717
"Yorkshire and The Humber",26,2012,5141,5970,1238,948,70733,290,-829
"Yorkshire and The Humber",26,2013,4942,5877,1422,951,69907,471,-935
"Yorkshire and The Humber",27,2002,4419,4725,1317,643,58168,674,-306
"Yorkshire and The Humber",27,2003,4380,4534,1434,783,56992,651,-154
"Yorkshire and The Humber",27,2004,4453,4545,1369,478,55458,891,-92
"Yorkshire and The Humber",27,2005,4295,4610,2314,894,57871,1420,-315
"Yorkshire and The Humber",27,2006,4615,4946,1377,874,63786,503,-331
"Yorkshire and The Humber",27,2007,4831,5291,1811,930,68654,881,-460
"Yorkshire and The Humber",27,2008,4657,5180,1707,844,69528,863,-523
"Yorkshire and The Humber",27,2009,4530,5158,1374,1055,68506,319,-628
"Yorkshire and The Humber",27,2010,4439,5214,1395,673,68546,722,-775
"Yorkshire and The Humber",27,2011,4445,5086,1552,679,68880,873,-641
"Yorkshire and The Humber",27,2012,4547,5183,1118,911,70356,207,-636
"Yorkshire and The Humber",27,2013,4724,5445,1199,840,70308,359,-721
"Yorkshire and The Humber",28,2002,4400,4658,1245,595,60681,650,-258
"Yorkshire and The Humber",28,2003,4413,4431,1318,726,58979,592,-18
"Yorkshire and The Humber",28,2004,4275,4181,1291,445,58213,846,94
"Yorkshire and The Humber",28,2005,4049,4085,2141,821,56928,1320,-36
"Yorkshire and The Humber",28,2006,4024,4270,1298,798,58292,500,-246
"Yorkshire and The Humber",28,2007,4494,4793,1705,857,64494,848,-299
"Yorkshire and The Humber",28,2008,4478,4849,1612,772,69006,840,-371
"Yorkshire and The Humber",28,2009,4405,4902,1293,972,69017,321,-497
"Yorkshire and The Humber",28,2010,4080,4540,1308,622,68406,686,-460
"Yorkshire and The Humber",28,2011,4195,4632,1457,622,68414,835,-437
"Yorkshire and The Humber",28,2012,4235,4734,1039,880,68492,159,-499
"Yorkshire and The Humber",28,2013,4423,4880,1082,790,70213,292,-457
"Yorkshire and The Humber",29,2002,4321,4425,1153,530,65444,623,-104
"Yorkshire and The Humber",29,2003,4179,4232,1236,662,61454,574,-53
"Yorkshire and The Humber",29,2004,4130,4096,1199,401,60012,798,34
"Yorkshire and The Humber",29,2005,4020,3868,1994,749,59863,1245,152
"Yorkshire and The Humber",29,2006,3948,3850,1206,711,57780,495,98
"Yorkshire and The Humber",29,2007,3854,4029,1573,763,59119,810,-175
"Yorkshire and The Humber",29,2008,4158,4363,1489,691,65210,798,-205
"Yorkshire and The Humber",29,2009,4198,4478,1204,865,68986,339,-280
"Yorkshire and The Humber",29,2010,3958,4360,1206,562,68952,644,-402
"Yorkshire and The Humber",29,2011,3914,4320,1347,556,68475,791,-406
"Yorkshire and The Humber",29,2012,4257,4561,908,788,68241,120,-304
"Yorkshire and The Humber",29,2013,4180,4550,957,680,68350,277,-370
"Yorkshire and The Humber",30,2002,4176,4231,891,567,70028,324,-55
"Yorkshire and The Humber",30,2003,4214,4088,920,674,66038,246,126
"Yorkshire and The Humber",30,2004,4213,3977,996,507,62356,489,236
"Yorkshire and The Humber",30,2005,3997,3934,1396,639,61101,757,63
"Yorkshire and The Humber",30,2006,3771,3830,1062,805,60304,257,-59
"Yorkshire and The Humber",30,2007,3773,3889,1005,852,57987,153,-116
"Yorkshire and The Humber",30,2008,3539,3652,1222,548,59777,674,-113
"Yorkshire and The Humber",30,2009,3700,4094,1095,777,65285,318,-394
"Yorkshire and The Humber",30,2010,3846,4059,814,527,69016,287,-213
"Yorkshire and The Humber",30,2011,3833,4186,878,553,68586,325,-353
"Yorkshire and The Humber",30,2012,3922,4220,762,742,68199,20,-298
"Yorkshire and The Humber",30,2013,3872,4250,802,678,67951,124,-378
"Yorkshire and The Humber",31,2002,4245,4235,828,496,73185,332,10
"Yorkshire and The Humber",31,2003,4168,4091,833,609,70489,224,77
"Yorkshire and The Humber",31,2004,4078,3934,887,451,66880,436,144
"Yorkshire and The Humber",31,2005,3799,3686,1251,575,63358,676,113
"Yorkshire and The Humber",31,2006,3645,3638,953,725,61596,228,7
"Yorkshire and The Humber",31,2007,3595,3818,902,772,60480,130,-223
"Yorkshire and The Humber",31,2008,3339,3481,1077,494,58597,583,-142
"Yorkshire and The Humber",31,2009,3263,3477,986,696,59987,290,-214
"Yorkshire and The Humber",31,2010,3529,3858,733,481,65405,252,-329
"Yorkshire and The Humber",31,2011,3542,3843,778,497,68982,281,-301
"Yorkshire and The Humber",31,2012,3649,3966,715,700,68291,15,-317
"Yorkshire and The Humber",31,2013,3656,3911,704,601,68012,103,-255
"Yorkshire and The Humber",32,2002,3865,3762,772,485,72820,287,103
"Yorkshire and The Humber",32,2003,4085,3907,786,579,73831,207,178
"Yorkshire and The Humber",32,2004,3928,3766,825,433,71131,392,162
"Yorkshire and The Humber",32,2005,3576,3498,1149,536,67797,613,78
"Yorkshire and The Humber",32,2006,3488,3458,882,670,63797,212,30
"Yorkshire and The Humber",32,2007,3557,3659,838,729,61834,109,-102
"Yorkshire and The Humber",32,2008,3244,3408,1012,460,61103,552,-164
"Yorkshire and The Humber",32,2009,3049,3189,919,618,58905,301,-140
"Yorkshire and The Humber",32,2010,2999,3195,680,459,60177,221,-196
"Yorkshire and The Humber",32,2011,3277,3452,726,464,65660,262,-175
"Yorkshire and The Humber",32,2012,3559,3746,623,626,68751,-3,-187
"Yorkshire and The Humber",32,2013,3511,3730,672,574,68123,98,-219
"Yorkshire and The Humber",33,2002,3721,3624,698,442,74554,256,97
"Yorkshire and The Humber",33,2003,3562,3525,702,529,73096,173,37
"Yorkshire and The Humber",33,2004,3956,3855,735,387,74458,348,101
"Yorkshire and The Humber",33,2005,3542,3433,1014,481,71893,533,109
"Yorkshire and The Humber",33,2006,3473,3391,782,605,68271,177,82
"Yorkshire and The Humber",33,2007,3338,3462,743,652,63987,91,-124
"Yorkshire and The Humber",33,2008,3019,3016,889,408,62524,481,3
"Yorkshire and The Humber",33,2009,2883,3030,804,558,61420,246,-147
"Yorkshire and The Humber",33,2010,2829,2955,601,412,59183,189,-126
"Yorkshire and The Humber",33,2011,2836,2946,644,415,60423,229,-110
"Yorkshire and The Humber",33,2012,3204,3364,589,625,65455,-36,-160
"Yorkshire and The Humber",33,2013,3332,3376,609,532,68724,77,-44
"Yorkshire and The Humber",34,2002,3489,3332,683,416,74847,267,157
"Yorkshire and The Humber",34,2003,3511,3361,696,507,74919,189,150
"Yorkshire and The Humber",34,2004,3468,3419,723,365,73594,358,49
"Yorkshire and The Humber",34,2005,3413,3327,999,461,75344,538,86
"Yorkshire and The Humber",34,2006,3297,3233,759,572,72248,187,64
"Yorkshire and The Humber",34,2007,3288,3340,718,621,68572,97,-52
"Yorkshire and The Humber",34,2008,2893,2953,872,395,64585,477,-60
"Yorkshire and The Humber",34,2009,2817,2916,790,528,62922,262,-99
"Yorkshire and The Humber",34,2010,2677,2745,594,401,61831,193,-68
"Yorkshire and The Humber",34,2011,2563,2661,625,398,59492,227,-98
"Yorkshire and The Humber",34,2012,2716,2818,496,492,60234,4,-102
"Yorkshire and The Humber",34,2013,2940,3059,531,472,65333,59,-119
"Yorkshire and The Humber",35,2002,3322,3210,656,374,76077,282,112
"Yorkshire and The Humber",35,2003,3286,3134,756,553,75198,203,152
"Yorkshire and The Humber",35,2004,3406,3254,562,213,75399,349,152
"Yorkshire and The Humber",35,2005,3048,2937,1036,440,74408,596,111
"Yorkshire and The Humber",35,2006,3146,3123,741,647,75710,94,23
"Yorkshire and The Humber",35,2007,3155,3224,773,448,72643,325,-69
"Yorkshire and The Humber",35,2008,2788,2962,691,422,68855,269,-174
"Yorkshire and The Humber",35,2009,2577,2701,632,488,64765,144,-124
"Yorkshire and The Humber",35,2010,2669,2737,514,364,63223,150,-68
"Yorkshire and The Humber",35,2011,2547,2660,528,414,62091,114,-113
"Yorkshire and The Humber",35,2012,2541,2626,416,470,59318,-54,-85
"Yorkshire and The Humber",35,2013,2575,2765,435,463,60005,-28,-190
"Yorkshire and The Humber",36,2002,3092,2887,605,326,76623,279,205
"Yorkshire and The Humber",36,2003,3008,2862,688,487,76432,201,146
"Yorkshire and The Humber",36,2004,3009,2822,488,192,75736,296,187
"Yorkshire and The Humber",36,2005,2948,2894,905,398,76032,507,54
"Yorkshire and The Humber",36,2006,2852,2821,666,562,74684,104,31
"Yorkshire and The Humber",36,2007,3137,3101,693,409,76341,284,36
"Yorkshire and The Humber",36,2008,2847,2924,621,376,72937,245,-77
"Yorkshire and The Humber",36,2009,2611,2726,565,439,69080,126,-115
"Yorkshire and The Humber",36,2010,2487,2564,460,329,65076,131,-77
"Yorkshire and The Humber",36,2011,2374,2413,465,375,63550,90,-39
"Yorkshire and The Humber",36,2012,2515,2611,437,434,61966,3,-96
"Yorkshire and The Humber",36,2013,2334,2428,426,388,59218,38,-94
"Yorkshire and The Humber",37,2002,2863,2751,601,333,77097,268,112
"Yorkshire and The Humber",37,2003,2917,2738,676,460,76912,216,179
"Yorkshire and The Humber",37,2004,2857,2744,476,195,76750,281,113
"Yorkshire and The Humber",37,2005,2673,2579,889,385,76359,504,94
"Yorkshire and The Humber",37,2006,2711,2665,641,567,76178,74,46
"Yorkshire and The Humber",37,2007,2762,2780,666,399,75029,267,-18
"Yorkshire and The Humber",37,2008,2726,2827,603,386,76668,217,-101
"Yorkshire and The Humber",37,2009,2391,2517,549,451,72981,98,-126
"Yorkshire and The Humber",37,2010,2352,2504,448,331,69286,117,-152
"Yorkshire and The Humber",37,2011,2222,2264,450,375,65261,75,-42
"Yorkshire and The Humber",37,2012,2348,2379,366,428,63432,-62,-31
"Yorkshire and The Humber",37,2013,2333,2370,362,352,61894,10,-37
"Yorkshire and The Humber",38,2002,2815,2695,553,301,76955,252,120
"Yorkshire and The Humber",38,2003,2738,2572,628,436,77350,192,166
"Yorkshire and The Humber",38,2004,2641,2522,435,180,77201,255,119
"Yorkshire and The Humber",38,2005,2469,2448,787,354,77158,433,21
"Yorkshire and The Humber",38,2006,2448,2488,582,503,76456,79,-40
"Yorkshire and The Humber",38,2007,2621,2652,608,362,76438,246,-31
"Yorkshire and The Humber",38,2008,2524,2590,551,343,75265,208,-66
"Yorkshire and The Humber",38,2009,2342,2461,510,419,76890,91,-119
"Yorkshire and The Humber",38,2010,2353,2423,405,306,73187,99,-70
"Yorkshire and The Humber",38,2011,2155,2185,418,344,69564,74,-30
"Yorkshire and The Humber",38,2012,2255,2354,340,358,65079,-18,-99
"Yorkshire and The Humber",38,2013,2119,2165,390,344,63398,46,-46
"Yorkshire and The Humber",39,2002,2495,2307,520,279,76522,241,188
"Yorkshire and The Humber",39,2003,2598,2327,581,398,77297,183,271
"Yorkshire and The Humber",39,2004,2472,2354,407,163,77618,244,118
"Yorkshire and The Humber",39,2005,2384,2327,739,325,77574,414,57
"Yorkshire and The Humber",39,2006,2445,2345,533,461,77306,72,100
"Yorkshire and The Humber",39,2007,2490,2484,556,341,76715,215,6
"Yorkshire and The Humber",39,2008,2356,2368,504,322,76587,182,-12
"Yorkshire and The Humber",39,2009,2190,2293,453,381,75303,72,-103
"Yorkshire and The Humber",39,2010,2301,2311,374,271,77250,103,-10
"Yorkshire and The Humber",39,2011,2208,2261,386,307,73330,79,-53
"Yorkshire and The Humber",39,2012,2253,2247,343,347,69516,-4,6
"Yorkshire and The Humber",39,2013,2083,2130,366,315,65019,51,-47
"Yorkshire and The Humber",40,2002,2265,2181,523,271,75028,252,84
"Yorkshire and The Humber",40,2003,2422,2231,423,366,76709,57,191
"Yorkshire and The Humber",40,2004,2419,2260,387,214,77666,173,159
"Yorkshire and The Humber",40,2005,2252,2099,561,294,77961,267,153
"Yorkshire and The Humber",40,2006,2135,2166,409,543,77369,-134,-31
"Yorkshire and The Humber",40,2007,2295,2305,494,357,77394,137,-10
"Yorkshire and The Humber",40,2008,2213,2300,411,350,76691,61,-87
"Yorkshire and The Humber",40,2009,2091,2136,426,305,76665,121,-45
"Yorkshire and The Humber",40,2010,2078,2192,350,347,75301,3,-114
"Yorkshire and The Humber",40,2011,2006,2159,212,255,77291,-43,-153
"Yorkshire and The Humber",40,2012,2199,2209,319,320,73280,-1,-10
"Yorkshire and The Humber",40,2013,2062,2131,310,278,69459,32,-69
"Yorkshire and The Humber",41,2002,2125,1998,499,262,73286,237,127
"Yorkshire and The Humber",41,2003,2253,2035,403,351,75270,52,218
"Yorkshire and The Humber",41,2004,2232,2154,344,197,76883,147,78
"Yorkshire and The Humber",41,2005,2082,1977,516,288,77978,228,105
"Yorkshire and The Humber",41,2006,2002,2012,376,504,77756,-128,-10
"Yorkshire and The Humber",41,2007,2184,2242,462,336,77366,126,-58
"Yorkshire and The Humber",41,2008,2094,2115,384,333,77412,51,-21
"Yorkshire and The Humber",41,2009,1929,2052,401,285,76719,116,-123
"Yorkshire and The Humber",41,2010,1907,2002,319,320,76601,-1,-95
"Yorkshire and The Humber",41,2011,1834,1946,206,237,75293,-31,-112
"Yorkshire and The Humber",41,2012,2072,2132,268,330,77105,-62,-60
"Yorkshire and The Humber",41,2013,2085,2071,300,230,73291,70,14
"Yorkshire and The Humber",42,2002,1849,1814,484,239,71029,245,35
"Yorkshire and The Humber",42,2003,2026,1875,381,315,73397,66,151
"Yorkshire and The Humber",42,2004,2078,1948,308,173,75460,135,130
"Yorkshire and The Humber",42,2005,1934,1915,469,254,76984,215,19
"Yorkshire and The Humber",42,2006,2029,1928,338,459,77885,-121,101
"Yorkshire and The Humber",42,2007,2061,2035,418,286,77795,132,26
"Yorkshire and The Humber",42,2008,1931,1974,346,303,77256,43,-43
"Yorkshire and The Humber",42,2009,1735,1782,370,242,77382,128,-47
"Yorkshire and The Humber",42,2010,1797,1879,291,276,76646,15,-82
"Yorkshire and The Humber",42,2011,1922,1884,186,219,76583,-33,38
"Yorkshire and The Humber",42,2012,1937,1967,267,308,75165,-41,-30
"Yorkshire and The Humber",42,2013,2023,2098,294,254,76989,40,-75
"Yorkshire and The Humber",43,2002,1752,1734,445,215,69413,230,18
"Yorkshire and The Humber",43,2003,1833,1742,361,290,71113,71,91
"Yorkshire and The Humber",43,2004,1960,1818,276,158,73514,118,142
"Yorkshire and The Humber",43,2005,1748,1755,408,221,75572,187,-7
"Yorkshire and The Humber",43,2006,1836,1814,297,398,76776,-101,22
"Yorkshire and The Humber",43,2007,1949,1964,365,257,77875,108,-15
"Yorkshire and The Humber",43,2008,1866,1817,308,266,77746,42,49
"Yorkshire and The Humber",43,2009,1726,1716,323,217,77254,106,10
"Yorkshire and The Humber",43,2010,1777,1837,251,245,77245,6,-60
"Yorkshire and The Humber",43,2011,1792,1798,158,192,76579,-34,-6
"Yorkshire and The Humber",43,2012,1820,1914,199,272,76282,-73,-94
"Yorkshire and The Humber",43,2013,1834,1915,279,259,75035,20,-81
"Yorkshire and The Humber",44,2002,1632,1620,436,205,69357,231,12
"Yorkshire and The Humber",44,2003,1679,1567,347,275,69502,72,112
"Yorkshire and The Humber",44,2004,1653,1583,266,153,71209,113,70
"Yorkshire and The Humber",44,2005,1718,1607,391,220,73621,171,111
"Yorkshire and The Humber",44,2006,1657,1675,282,380,75365,-98,-18
"Yorkshire and The Humber",44,2007,1819,1881,356,241,76684,115,-62
"Yorkshire and The Humber",44,2008,1715,1857,285,251,77643,34,-142
"Yorkshire and The Humber",44,2009,1668,1734,312,208,77588,104,-66
"Yorkshire and The Humber",44,2010,1684,1690,251,236,77114,15,-6
"Yorkshire and The Humber",44,2011,1749,1745,159,181,77123,-22,4
"Yorkshire and The Humber",44,2012,1916,1891,218,273,76439,-55,25
"Yorkshire and The Humber",44,2013,1817,1814,233,233,76181,0,3
"Yorkshire and The Humber",45,2002,1630,1506,195,293,66989,-98,124
"Yorkshire and The Humber",45,2003,1656,1525,192,154,69375,38,131
"Yorkshire and The Humber",45,2004,1618,1526,262,145,69602,117,92
"Yorkshire and The Humber",45,2005,1538,1444,291,207,71319,84,94
"Yorkshire and The Humber",45,2006,1654,1658,182,151,73557,31,-4
"Yorkshire and The Humber",45,2007,1715,1741,205,248,75235,-43,-26
"Yorkshire and The Humber",45,2008,1569,1695,263,152,76535,111,-126
"Yorkshire and The Humber",45,2009,1532,1637,329,242,77537,87,-105
"Yorkshire and The Humber",45,2010,1637,1751,203,121,77416,82,-114
"Yorkshire and The Humber",45,2011,1583,1663,200,133,76969,67,-80
"Yorkshire and The Humber",45,2012,1731,1728,187,214,76941,-27,3
"Yorkshire and The Humber",45,2013,1728,1734,219,207,76356,12,-6
"Yorkshire and The Humber",46,2002,1518,1443,177,281,64667,-104,75
"Yorkshire and The Humber",46,2003,1585,1460,180,140,66990,40,125
"Yorkshire and The Humber",46,2004,1606,1538,239,131,69434,108,68
"Yorkshire and The Humber",46,2005,1503,1440,267,186,69638,81,63
"Yorkshire and The Humber",46,2006,1419,1470,170,150,71214,20,-51
"Yorkshire and The Humber",46,2007,1609,1658,189,227,73339,-38,-49
"Yorkshire and The Humber",46,2008,1609,1605,229,150,75215,79,4
"Yorkshire and The Humber",46,2009,1495,1477,301,229,76468,72,18
"Yorkshire and The Humber",46,2010,1449,1528,183,115,77388,68,-79
"Yorkshire and The Humber",46,2011,1526,1595,183,126,77226,57,-69
"Yorkshire and The Humber",46,2012,1613,1710,192,210,76738,-18,-97
"Yorkshire and The Humber",46,2013,1714,1729,211,155,76858,56,-15
"Yorkshire and The Humber",47,2002,1343,1319,163,270,62352,-107,24
"Yorkshire and The Humber",47,2003,1401,1311,169,136,64716,33,90
"Yorkshire and The Humber",47,2004,1490,1400,232,130,67028,102,90
"Yorkshire and The Humber",47,2005,1352,1350,255,177,69395,78,2
"Yorkshire and The Humber",47,2006,1341,1309,156,143,69575,13,32
"Yorkshire and The Humber",47,2007,1424,1492,178,226,71024,-48,-68
"Yorkshire and The Humber",47,2008,1411,1473,225,140,73189,85,-62
"Yorkshire and The Humber",47,2009,1422,1438,282,222,75140,60,-16
"Yorkshire and The Humber",47,2010,1477,1498,176,111,76354,65,-21
"Yorkshire and The Humber",47,2011,1385,1401,168,123,77335,45,-16
"Yorkshire and The Humber",47,2012,1572,1624,166,193,77022,-27,-52
"Yorkshire and The Humber",47,2013,1542,1642,164,160,76505,4,-100
"Yorkshire and The Humber",48,2002,1319,1294,158,261,63108,-103,25
"Yorkshire and The Humber",48,2003,1274,1250,161,121,62241,40,24
"Yorkshire and The Humber",48,2004,1448,1347,201,108,64828,93,101
"Yorkshire and The Humber",48,2005,1271,1276,239,169,66945,70,-5
"Yorkshire and The Humber",48,2006,1301,1285,151,133,69283,18,16
"Yorkshire and The Humber",48,2007,1429,1534,162,213,69260,-51,-105
"Yorkshire and The Humber",48,2008,1447,1453,203,125,70988,78,-6
"Yorkshire and The Humber",48,2009,1282,1329,254,202,72998,52,-47
"Yorkshire and The Humber",48,2010,1376,1414,158,109,75022,49,-38
"Yorkshire and The Humber",48,2011,1344,1439,155,116,76170,39,-95
"Yorkshire and The Humber",48,2012,1622,1573,196,205,77247,-9,49
"Yorkshire and The Humber",48,2013,1660,1612,175,157,76948,18,48
"Yorkshire and The Humber",49,2002,1336,1268,156,242,62203,-86,68
"Yorkshire and The Humber",49,2003,1364,1258,157,120,63140,37,106
"Yorkshire and The Humber",49,2004,1329,1267,202,105,62248,97,62
"Yorkshire and The Humber",49,2005,1302,1276,227,170,64801,57,26
"Yorkshire and The Humber",49,2006,1296,1339,147,132,66720,15,-43
"Yorkshire and The Humber",49,2007,1429,1389,155,194,69098,-39,40
"Yorkshire and The Humber",49,2008,1327,1316,196,128,69205,68,11
"Yorkshire and The Humber",49,2009,1278,1345,244,193,70826,51,-67
"Yorkshire and The Humber",49,2010,1329,1429,159,102,72761,57,-100
"Yorkshire and The Humber",49,2011,1271,1328,147,107,74899,40,-57
"Yorkshire and The Humber",49,2012,1490,1527,161,194,75920,-33,-37
"Yorkshire and The Humber",49,2013,1534,1551,167,153,77054,14,-17
"Yorkshire and The Humber",50,2002,1196,1212,115,67,61857,48,-16
"Yorkshire and The Humber",50,2003,1345,1247,144,220,62140,-76,98
"Yorkshire and The Humber",50,2004,1281,1234,67,107,63005,-40,47
"Yorkshire and The Humber",50,2005,1158,1129,240,183,62142,57,29
"Yorkshire and The Humber",50,2006,1251,1283,137,194,64579,-57,-32
"Yorkshire and The Humber",50,2007,1276,1334,111,131,66444,-20,-58
"Yorkshire and The Humber",50,2008,1274,1320,206,88,68961,118,-46
"Yorkshire and The Humber",50,2009,1188,1208,161,141,69025,20,-20
"Yorkshire and The Humber",50,2010,1245,1285,72,88,70642,-16,-40
"Yorkshire and The Humber",50,2011,1287,1279,174,106,72639,68,8
"Yorkshire and The Humber",50,2012,1467,1470,185,182,74732,3,-3
"Yorkshire and The Humber",50,2013,1547,1525,138,156,75738,-18,22
"Yorkshire and The Humber",51,2002,1205,1216,102,69,62961,33,-11
"Yorkshire and The Humber",51,2003,1342,1271,137,192,61640,-55,71
"Yorkshire and The Humber",51,2004,1279,1205,65,93,62103,-28,74
"Yorkshire and The Humber",51,2005,1198,1209,219,165,62931,54,-11
"Yorkshire and The Humber",51,2006,1109,1138,135,175,61852,-40,-29
"Yorkshire and The Humber",51,2007,1171,1214,103,113,64399,-10,-43
"Yorkshire and The Humber",51,2008,1287,1215,195,77,66429,118,72
"Yorkshire and The Humber",51,2009,1141,1218,143,119,68692,24,-77
"Yorkshire and The Humber",51,2010,1158,1226,62,86,68765,-24,-68
"Yorkshire and The Humber",51,2011,1210,1143,152,102,70598,50,67
"Yorkshire and The Humber",51,2012,1381,1407,142,135,72408,7,-26
"Yorkshire and The Humber",51,2013,1328,1340,147,132,74525,15,-12
"Yorkshire and The Humber",52,2002,1214,1229,111,68,64556,43,-15
"Yorkshire and The Humber",52,2003,1175,1115,143,199,62804,-56,60
"Yorkshire and The Humber",52,2004,1152,1158,59,109,61360,-50,-6
"Yorkshire and The Humber",52,2005,1082,1075,223,169,62095,54,7
"Yorkshire and The Humber",52,2006,1057,1076,129,175,62666,-46,-19
"Yorkshire and The Humber",52,2007,1091,1155,99,124,61537,-25,-64
"Yorkshire and The Humber",52,2008,1143,1116,192,82,64377,110,27
"Yorkshire and The Humber",52,2009,1077,1120,145,137,66142,8,-43
"Yorkshire and The Humber",52,2010,1103,1145,60,93,68420,-33,-42
"Yorkshire and The Humber",52,2011,1066,1121,157,98,68597,59,-55
"Yorkshire and The Humber",52,2012,1230,1241,113,124,70387,-11,-11
"Yorkshire and The Humber",52,2013,1361,1368,129,128,72201,1,-7
"Yorkshire and The Humber",53,2002,1283,1245,97,72,66729,25,38
"Yorkshire and The Humber",53,2003,1243,1217,134,185,64260,-51,26
"Yorkshire and The Humber",53,2004,1173,1137,62,87,62629,-25,36
"Yorkshire and The Humber",53,2005,1039,1023,210,159,61164,51,16
"Yorkshire and The Humber",53,2006,1003,995,122,167,61909,-45,8
"Yorkshire and The Humber",53,2007,1078,1108,97,116,62433,-19,-30
"Yorkshire and The Humber",53,2008,1107,1133,186,77,61378,109,-26
"Yorkshire and The Humber",53,2009,934,965,139,122,64226,17,-31
"Yorkshire and The Humber",53,2010,1034,1117,59,89,65770,-30,-83
"Yorkshire and The Humber",53,2011,1039,1091,143,92,68177,51,-52
"Yorkshire and The Humber",53,2012,1210,1228,112,102,68367,10,-18
"Yorkshire and The Humber",53,2013,1205,1262,129,120,70091,9,-57
"Yorkshire and The Humber",54,2002,1317,1289,108,68,71904,40,28
"Yorkshire and The Humber",54,2003,1234,1206,136,191,66418,-55,28
"Yorkshire and The Humber",54,2004,1128,1104,61,95,63975,-34,24
"Yorkshire and The Humber",54,2005,1064,1038,210,159,62449,51,26
"Yorkshire and The Humber",54,2006,987,1028,130,168,60793,-38,-41
"Yorkshire and The Humber",54,2007,1136,1137,93,115,61740,-22,-1
"Yorkshire and The Humber",54,2008,1102,1081,188,71,62356,117,21
"Yorkshire and The Humber",54,2009,925,944,136,130,61129,6,-19
"Yorkshire and The Humber",54,2010,958,1041,58,88,63954,-30,-83
"Yorkshire and The Humber",54,2011,1024,1059,151,96,65526,55,-35
"Yorkshire and The Humber",54,2012,1189,1200,114,106,67935,8,-11
"Yorkshire and The Humber",54,2013,1104,1205,124,125,68027,-1,-101
"Yorkshire and The Humber",55,2002,1452,1393,103,126,76115,-23,59
"Yorkshire and The Humber",55,2003,1299,1285,65,207,71405,-142,14
"Yorkshire and The Humber",55,2004,1240,1232,90,112,66102,-22,8
"Yorkshire and The Humber",55,2005,1017,1045,122,118,63672,4,-28
"Yorkshire and The Humber",55,2006,1007,1011,74,94,62181,-20,-4
"Yorkshire and The Humber",55,2007,1117,1106,66,80,60507,-14,11
"Yorkshire and The Humber",55,2008,1024,1044,77,124,61451,-47,-20
"Yorkshire and The Humber",55,2009,891,926,80,41,62148,39,-35
"Yorkshire and The Humber",55,2010,907,950,82,53,60858,29,-43
"Yorkshire and The Humber",55,2011,966,1011,97,61,63775,36,-45
"Yorkshire and The Humber",55,2012,1141,1132,109,108,65316,1,9
"Yorkshire and The Humber",55,2013,1203,1218,105,93,67697,12,-15
"Yorkshire and The Humber",56,2002,1100,1054,107,124,60887,-17,46
"Yorkshire and The Humber",56,2003,1402,1350,82,220,75855,-138,52
"Yorkshire and The Humber",56,2004,1259,1212,95,108,71041,-13,47
"Yorkshire and The Humber",56,2005,1060,1078,126,116,65789,10,-18
"Yorkshire and The Humber",56,2006,1083,1087,73,96,63338,-23,-4
"Yorkshire and The Humber",56,2007,1076,1101,62,79,61834,-17,-25
"Yorkshire and The Humber",56,2008,981,989,77,128,60133,-51,-8
"Yorkshire and The Humber",56,2009,833,874,81,40,61289,41,-41
"Yorkshire and The Humber",56,2010,884,894,82,62,61920,20,-10
"Yorkshire and The Humber",56,2011,953,951,101,66,60571,35,2
"Yorkshire and The Humber",56,2012,1083,1068,108,82,63523,26,15
"Yorkshire and The Humber",56,2013,1120,1095,104,101,65077,3,25
"Yorkshire and The Humber",57,2002,984,970,93,104,59978,-11,14
"Yorkshire and The Humber",57,2003,1032,1048,67,180,60357,-113,-16
"Yorkshire and The Humber",57,2004,1324,1340,74,97,75684,-23,-16
"Yorkshire and The Humber",57,2005,1064,1107,103,102,70573,1,-43
"Yorkshire and The Humber",57,2006,1039,1052,67,87,65399,-20,-13
"Yorkshire and The Humber",57,2007,1083,1110,59,66,62964,-7,-27
"Yorkshire and The Humber",57,2008,935,951,61,119,61439,-58,-16
"Yorkshire and The Humber",57,2009,767,768,75,44,59825,31,-1
"Yorkshire and The Humber",57,2010,854,916,72,45,61043,27,-62
"Yorkshire and The Humber",57,2011,888,918,81,54,61660,27,-30
"Yorkshire and The Humber",57,2012,932,1014,99,83,60203,16,-82
"Yorkshire and The Humber",57,2013,1023,1026,124,110,63198,14,-3
"Yorkshire and The Humber",58,2002,1016,942,91,100,58001,-9,74
"Yorkshire and The Humber",58,2003,1022,975,64,168,59466,-104,47
"Yorkshire and The Humber",58,2004,983,958,73,79,59903,-6,25
"Yorkshire and The Humber",58,2005,1173,1204,105,91,75435,14,-31
"Yorkshire and The Humber",58,2006,1039,1062,65,76,70048,-11,-23
"Yorkshire and The Humber",58,2007,1131,1148,57,66,64965,-9,-17
"Yorkshire and The Humber",58,2008,972,942,62,114,62586,-52,30
"Yorkshire and The Humber",58,2009,847,841,68,39,61138,29,6
"Yorkshire and The Humber",58,2010,840,861,67,46,59477,21,-21
"Yorkshire and The Humber",58,2011,833,879,76,54,60751,22,-46
"Yorkshire and The Humber",58,2012,939,960,111,124,61295,-13,-21
"Yorkshire and The Humber",58,2013,995,1017,127,97,59895,30,-22
"Yorkshire and The Humber",59,2002,941,831,93,90,54952,3,110
"Yorkshire and The Humber",59,2003,974,976,60,163,57629,-103,-2
"Yorkshire and The Humber",59,2004,946,938,71,83,59020,-12,8
"Yorkshire and The Humber",59,2005,902,897,89,95,59395,-6,5
"Yorkshire and The Humber",59,2006,1079,1118,57,65,75154,-8,-39
"Yorkshire and The Humber",59,2007,1079,1170,54,54,69452,0,-91
"Yorkshire and The Humber",59,2008,1019,1025,55,115,64422,-60,-6
"Yorkshire and The Humber",59,2009,788,760,62,37,62263,25,28
"Yorkshire and The Humber",59,2010,799,851,65,36,60734,29,-52
"Yorkshire and The Humber",59,2011,833,868,72,51,59073,21,-35
"Yorkshire and The Humber",59,2012,930,911,111,111,60408,0,19
"Yorkshire and The Humber",59,2013,1008,1013,111,101,60935,10,-5
"Yorkshire and The Humber",60,2002,910,830,72,58,49909,14,80
"Yorkshire and The Humber",60,2003,928,946,58,63,54513,-5,-18
"Yorkshire and The Humber",60,2004,1012,968,55,71,57318,-16,44
"Yorkshire and The Humber",60,2005,855,918,150,255,58395,-105,-63
"Yorkshire and The Humber",60,2006,910,957,64,192,58731,-128,-47
"Yorkshire and The Humber",60,2007,1262,1365,71,267,74578,-196,-103
"Yorkshire and The Humber",60,2008,1075,1130,40,19,68882,21,-55
"Yorkshire and The Humber",60,2009,829,893,67,55,63888,12,-64
"Yorkshire and The Humber",60,2010,847,865,61,34,61800,27,-18
"Yorkshire and The Humber",60,2011,844,892,60,70,60267,-10,-48
"Yorkshire and The Humber",60,2012,975,963,91,99,58661,-8,12
"Yorkshire and The Humber",60,2013,973,921,113,95,60091,18,52
"Yorkshire and The Humber",61,2002,768,736,87,46,47139,41,32
"Yorkshire and The Humber",61,2003,813,779,64,61,49503,3,34
"Yorkshire and The Humber",61,2004,900,890,59,79,54040,-20,10
"Yorkshire and The Humber",61,2005,880,892,178,274,56829,-96,-12
"Yorkshire and The Humber",61,2006,886,884,72,214,57793,-142,2
"Yorkshire and The Humber",61,2007,916,1015,76,264,57907,-188,-99
"Yorkshire and The Humber",61,2008,1205,1219,45,26,74194,19,-14
"Yorkshire and The Humber",61,2009,759,829,71,70,68229,1,-70
"Yorkshire and The Humber",61,2010,920,887,63,45,63456,18,33
"Yorkshire and The Humber",61,2011,854,859,59,78,61303,-19,-5
"Yorkshire and The Humber",61,2012,944,977,105,115,59803,-10,-33
"Yorkshire and The Humber",61,2013,869,896,111,83,58219,28,-27
"Yorkshire and The Humber",62,2002,809,757,59,42,49654,17,52
"Yorkshire and The Humber",62,2003,734,687,49,41,46685,8,47
"Yorkshire and The Humber",62,2004,811,800,36,53,49028,-17,11
"Yorkshire and The Humber",62,2005,712,716,117,209,53444,-92,-4
"Yorkshire and The Humber",62,2006,733,793,52,138,56258,-86,-60
"Yorkshire and The Humber",62,2007,890,938,48,204,57060,-156,-48
"Yorkshire and The Humber",62,2008,789,819,31,13,57299,18,-30
"Yorkshire and The Humber",62,2009,798,845,49,41,73784,8,-47
"Yorkshire and The Humber",62,2010,859,928,44,27,67574,17,-69
"Yorkshire and The Humber",62,2011,834,858,40,50,62890,-10,-24
"Yorkshire and The Humber",62,2012,878,933,100,83,60804,17,-55
"Yorkshire and The Humber",62,2013,866,894,106,89,59304,17,-28
"Yorkshire and The Humber",63,2002,762,720,62,40,49814,22,42
"Yorkshire and The Humber",63,2003,701,646,55,48,49203,7,55
"Yorkshire and The Humber",63,2004,680,685,54,59,46186,-5,-5
"Yorkshire and The Humber",63,2005,631,617,138,216,48479,-78,14
"Yorkshire and The Humber",63,2006,674,740,59,161,52768,-102,-66
"Yorkshire and The Humber",63,2007,805,871,59,224,55570,-165,-66
"Yorkshire and The Humber",63,2008,704,753,29,17,56439,12,-49
"Yorkshire and The Humber",63,2009,594,632,53,51,56635,2,-38
"Yorkshire and The Humber",63,2010,963,981,50,31,73445,19,-18
"Yorkshire and The Humber",63,2011,833,858,45,60,66884,-15,-25
"Yorkshire and The Humber",63,2012,852,857,92,77,62390,15,-5
"Yorkshire and The Humber",63,2013,831,890,98,76,60250,22,-59
"Yorkshire and The Humber",64,2002,785,715,62,34,50013,28,70
"Yorkshire and The Humber",64,2003,698,653,49,43,49274,6,45
"Yorkshire and The Humber",64,2004,713,722,48,53,48584,-5,-9
"Yorkshire and The Humber",64,2005,547,603,142,188,45512,-46,-56
"Yorkshire and The Humber",64,2006,589,670,54,150,47772,-96,-81
"Yorkshire and The Humber",64,2007,738,765,62,196,52050,-134,-27
"Yorkshire and The Humber",64,2008,717,721,40,21,55115,19,-4
"Yorkshire and The Humber",64,2009,522,545,61,45,55799,16,-23
"Yorkshire and The Humber",64,2010,632,673,47,27,55987,20,-41
"Yorkshire and The Humber",64,2011,784,890,42,42,72913,0,-106
"Yorkshire and The Humber",64,2012,892,918,91,95,66254,-4,-26
"Yorkshire and The Humber",64,2013,805,834,101,73,61813,28,-29
"Yorkshire and The Humber",65,2002,765,731,58,65,48580,-7,34
"Yorkshire and The Humber",65,2003,745,718,38,99,49343,-61,27
"Yorkshire and The Humber",65,2004,760,767,71,63,48652,8,-7
"Yorkshire and The Humber",65,2005,590,634,58,66,47893,-8,-44
"Yorkshire and The Humber",65,2006,547,598,95,283,44671,-188,-51
"Yorkshire and The Humber",65,2007,675,730,27,89,47104,-62,-55
"Yorkshire and The Humber",65,2008,643,609,158,92,51577,66,34
"Yorkshire and The Humber",65,2009,582,618,75,79,54590,-4,-36
"Yorkshire and The Humber",65,2010,605,653,68,41,55160,27,-48
"Yorkshire and The Humber",65,2011,689,682,54,60,55302,-6,7
"Yorkshire and The Humber",65,2012,1018,1030,86,86,72193,0,-12
"Yorkshire and The Humber",65,2013,922,996,85,57,65534,28,-74
"Yorkshire and The Humber",66,2002,634,594,50,55,47091,-5,40
"Yorkshire and The Humber",66,2003,583,556,36,82,47879,-46,27
"Yorkshire and The Humber",66,2004,692,725,64,58,48622,6,-33
"Yorkshire and The Humber",66,2005,564,601,54,58,48000,-4,-37
"Yorkshire and The Humber",66,2006,542,590,77,215,47066,-138,-48
"Yorkshire and The Humber",66,2007,628,657,18,69,44010,-51,-29
"Yorkshire and The Humber",66,2008,567,578,124,77,46580,47,-11
"Yorkshire and The Humber",66,2009,493,523,53,66,50957,-13,-30
"Yorkshire and The Humber",66,2010,614,611,59,32,54107,27,3
"Yorkshire and The Humber",66,2011,611,672,44,48,54399,-4,-61
"Yorkshire and The Humber",66,2012,732,720,81,58,54684,23,12
"Yorkshire and The Humber",66,2013,986,952,100,54,71428,46,34
"Yorkshire and The Humber",67,2002,585,541,38,41,45371,-3,44
"Yorkshire and The Humber",67,2003,522,547,34,66,46242,-32,-25
"Yorkshire and The Humber",67,2004,555,559,42,37,47147,5,-4
"Yorkshire and The Humber",67,2005,490,542,40,47,47848,-7,-52
"Yorkshire and The Humber",67,2006,491,528,65,194,47183,-129,-37
"Yorkshire and The Humber",67,2007,584,606,22,61,46363,-39,-22
"Yorkshire and The Humber",67,2008,470,448,108,58,43412,50,22
"Yorkshire and The Humber",67,2009,358,388,53,47,45918,6,-30
"Yorkshire and The Humber",67,2010,512,528,48,20,50268,28,-16
"Yorkshire and The Humber",67,2011,542,537,44,33,53533,11,5
"Yorkshire and The Humber",67,2012,631,623,75,65,53740,10,8
"Yorkshire and The Humber",67,2013,669,721,82,45,54027,37,-52
"Yorkshire and The Humber",68,2002,498,479,34,33,43495,1,19
"Yorkshire and The Humber",68,2003,479,464,27,53,44669,-26,15
"Yorkshire and The Humber",68,2004,496,520,39,31,45382,8,-24
"Yorkshire and The Humber",68,2005,435,461,34,32,46311,2,-26
"Yorkshire and The Humber",68,2006,474,500,46,164,46956,-118,-26
"Yorkshire and The Humber",68,2007,562,597,17,65,46354,-48,-35
"Yorkshire and The Humber",68,2008,430,481,84,52,45615,32,-51
"Yorkshire and The Humber",68,2009,358,362,37,34,42730,3,-4
"Yorkshire and The Humber",68,2010,421,493,37,19,45253,18,-72
"Yorkshire and The Humber",68,2011,461,514,29,30,49530,-1,-53
"Yorkshire and The Humber",68,2012,618,587,60,62,52840,-2,31
"Yorkshire and The Humber",68,2013,543,576,67,54,52976,13,-33
"Yorkshire and The Humber",69,2002,487,456,41,45,42566,-4,31
"Yorkshire and The Humber",69,2003,444,418,32,72,42635,-40,26
"Yorkshire and The Humber",69,2004,475,474,53,48,43835,5,1
"Yorkshire and The Humber",69,2005,361,389,51,52,44495,-1,-28
"Yorkshire and The Humber",69,2006,403,465,75,215,45323,-140,-62
"Yorkshire and The Humber",69,2007,516,584,24,54,46044,-30,-68
"Yorkshire and The Humber",69,2008,430,475,118,67,45557,51,-45
"Yorkshire and The Humber",69,2009,350,333,53,52,44940,1,17
"Yorkshire and The Humber",69,2010,361,370,51,31,42034,20,-9
"Yorkshire and The Humber",69,2011,396,406,43,41,44555,2,-10
"Yorkshire and The Humber",69,2012,505,509,63,54,48827,9,-4
"Yorkshire and The Humber",69,2013,565,577,59,57,52074,2,-12
"Yorkshire and The Humber",70,2002,454,449,19,30,41797,-11,5
"Yorkshire and The Humber",70,2003,379,441,17,34,41541,-17,-62
"Yorkshire and The Humber",70,2004,453,449,14,26,41768,-12,4
"Yorkshire and The Humber",70,2005,359,428,6,21,42927,-15,-69
"Yorkshire and The Humber",70,2006,358,393,20,74,43563,-54,-35
"Yorkshire and The Humber",70,2007,460,505,13,35,44461,-22,-45
"Yorkshire and The Humber",70,2008,399,441,35,29,45146,6,-42
"Yorkshire and The Humber",70,2009,317,348,33,18,44716,15,-31
"Yorkshire and The Humber",70,2010,355,396,21,13,44059,8,-41
"Yorkshire and The Humber",70,2011,354,362,27,20,41167,7,-8
"Yorkshire and The Humber",70,2012,422,440,45,62,43742,-17,-18
"Yorkshire and The Humber",70,2013,463,505,43,40,47995,3,-42
"Yorkshire and The Humber",71,2002,427,445,18,20,41575,-2,-18
"Yorkshire and The Humber",71,2003,358,381,18,29,40752,-11,-23
"Yorkshire and The Humber",71,2004,395,392,16,14,40558,2,3
"Yorkshire and The Humber",71,2005,369,374,10,19,40784,-9,-5
"Yorkshire and The Humber",71,2006,394,412,20,77,41927,-57,-18
"Yorkshire and The Humber",71,2007,420,408,8,28,42663,-20,12
"Yorkshire and The Humber",71,2008,373,388,34,30,43530,4,-15
"Yorkshire and The Humber",71,2009,259,274,30,19,44306,11,-15
"Yorkshire and The Humber",71,2010,322,359,17,17,43871,0,-37
"Yorkshire and The Humber",71,2011,340,372,25,26,43157,-1,-32
"Yorkshire and The Humber",71,2012,353,374,40,46,40336,-6,-21
"Yorkshire and The Humber",71,2013,430,448,32,53,42917,-21,-18
"Yorkshire and The Humber",72,2002,415,370,16,22,40242,-6,45
"Yorkshire and The Humber",72,2003,382,391,16,34,40431,-18,-9
"Yorkshire and The Humber",72,2004,410,391,9,10,39738,-1,19
"Yorkshire and The Humber",72,2005,334,302,11,14,39629,-3,32
"Yorkshire and The Humber",72,2006,352,340,20,61,39805,-41,12
"Yorkshire and The Humber",72,2007,428,435,7,22,40961,-15,-7
"Yorkshire and The Humber",72,2008,310,336,36,18,41673,18,-26
"Yorkshire and The Humber",72,2009,288,328,25,15,42486,10,-40
"Yorkshire and The Humber",72,2010,347,378,21,9,43458,12,-31
"Yorkshire and The Humber",72,2011,348,343,20,16,42957,4,5
"Yorkshire and The Humber",72,2012,369,389,46,57,42290,-11,-20
"Yorkshire and The Humber",72,2013,375,373,40,38,39499,2,2
"Yorkshire and The Humber",73,2002,369,327,18,19,38541,-1,42
"Yorkshire and The Humber",73,2003,334,332,17,25,39057,-8,2
"Yorkshire and The Humber",73,2004,376,381,10,13,39250,-3,-5
"Yorkshire and The Humber",73,2005,293,320,8,11,38599,-3,-27
"Yorkshire and The Humber",73,2006,300,308,16,56,38468,-40,-8
"Yorkshire and The Humber",73,2007,350,374,8,20,38748,-12,-24
"Yorkshire and The Humber",73,2008,309,329,37,6,39994,31,-20
"Yorkshire and The Humber",73,2009,267,257,18,13,40667,5,10
"Yorkshire and The Humber",73,2010,306,334,13,6,41482,7,-28
"Yorkshire and The Humber",73,2011,332,320,22,16,42432,6,12
"Yorkshire and The Humber",73,2012,333,385,36,16,41919,20,-52
"Yorkshire and The Humber",73,2013,387,399,44,17,41331,27,-12
"Yorkshire and The Humber",74,2002,306,348,24,16,36931,8,-42
"Yorkshire and The Humber",74,2003,322,344,24,29,37224,-5,-22
"Yorkshire and The Humber",74,2004,346,338,16,19,37815,-3,8
"Yorkshire and The Humber",74,2005,274,305,12,10,38016,2,-31
"Yorkshire and The Humber",74,2006,305,315,13,54,37454,-41,-10
"Yorkshire and The Humber",74,2007,303,338,7,23,37317,-16,-35
"Yorkshire and The Humber",74,2008,289,312,29,18,37675,11,-23
"Yorkshire and The Humber",74,2009,238,248,23,18,38890,5,-10
"Yorkshire and The Humber",74,2010,298,279,16,19,39596,-3,19
"Yorkshire and The Humber",74,2011,283,294,21,18,40444,3,-11
"Yorkshire and The Humber",74,2012,324,371,45,11,41334,34,-47
"Yorkshire and The Humber",74,2013,371,348,44,14,40895,30,23
"Yorkshire and The Humber",75,2002,354,318,4,5,36522,-1,36
"Yorkshire and The Humber",75,2003,282,283,15,10,35559,5,-1
"Yorkshire and The Humber",75,2004,320,319,3,6,35853,-3,1
"Yorkshire and The Humber",75,2005,299,303,5,5,36536,0,-4
"Yorkshire and The Humber",75,2006,301,297,9,37,36743,-28,4
"Yorkshire and The Humber",75,2007,322,326,15,18,36259,-3,-4
"Yorkshire and The Humber",75,2008,258,251,17,8,36154,9,7
"Yorkshire and The Humber",75,2009,230,225,12,5,36604,7,5
"Yorkshire and The Humber",75,2010,283,315,7,5,37757,2,-32
"Yorkshire and The Humber",75,2011,269,266,11,7,38426,4,3
"Yorkshire and The Humber",75,2012,305,303,20,5,39292,15,2
"Yorkshire and The Humber",75,2013,340,354,34,6,40199,28,-14
"Yorkshire and The Humber",76,2002,333,327,6,8,35070,-2,6
"Yorkshire and The Humber",76,2003,297,300,13,10,34980,3,-3
"Yorkshire and The Humber",76,2004,311,297,7,11,34136,-4,14
"Yorkshire and The Humber",76,2005,292,297,6,4,34464,2,-5
"Yorkshire and The Humber",76,2006,300,311,7,33,35137,-26,-11
"Yorkshire and The Humber",76,2007,317,364,5,12,35363,-7,-47
"Yorkshire and The Humber",76,2008,297,300,14,6,34932,8,-3
"Yorkshire and The Humber",76,2009,209,258,10,9,34815,1,-49
"Yorkshire and The Humber",76,2010,263,295,7,5,35434,2,-32
"Yorkshire and The Humber",76,2011,253,273,10,9,36559,1,-20
"Yorkshire and The Humber",76,2012,305,287,24,7,37267,17,18
"Yorkshire and The Humber",76,2013,286,319,32,7,38040,25,-33
"Yorkshire and The Humber",77,2002,337,322,7,10,33477,-3,15
"Yorkshire and The Humber",77,2003,279,323,17,15,33367,2,-44
"Yorkshire and The Humber",77,2004,292,334,8,11,33307,-3,-42
"Yorkshire and The Humber",77,2005,252,257,2,6,32631,-4,-5
"Yorkshire and The Humber",77,2006,276,301,9,28,32951,-19,-25
"Yorkshire and The Humber",77,2007,355,326,3,12,33751,-9,29
"Yorkshire and The Humber",77,2008,247,254,13,6,34004,7,-7
"Yorkshire and The Humber",77,2009,220,244,5,8,33521,-3,-24
"Yorkshire and The Humber",77,2010,238,274,5,11,33474,-6,-36
"Yorkshire and The Humber",77,2011,222,282,7,11,34166,-4,-60
"Yorkshire and The Humber",77,2012,288,283,16,7,35363,9,5
"Yorkshire and The Humber",77,2013,274,288,23,5,36035,18,-14
"Yorkshire and The Humber",78,2002,329,329,4,6,31528,-2,0
"Yorkshire and The Humber",78,2003,274,307,11,11,31740,0,-33
"Yorkshire and The Humber",78,2004,282,320,3,5,31599,-2,-38
"Yorkshire and The Humber",78,2005,249,243,0,1,31733,-1,6
"Yorkshire and The Humber",78,2006,269,274,6,33,31143,-27,-5
"Yorkshire and The Humber",78,2007,299,319,6,19,31433,-13,-20
"Yorkshire and The Humber",78,2008,232,259,16,4,32264,12,-27
"Yorkshire and The Humber",78,2009,208,218,12,7,32601,5,-10
"Yorkshire and The Humber",78,2010,266,273,4,7,32168,-3,-7
"Yorkshire and The Humber",78,2011,216,228,10,10,32145,0,-12
"Yorkshire and The Humber",78,2012,262,257,19,11,32905,8,5
"Yorkshire and The Humber",78,2013,291,283,17,2,34034,15,8
"Yorkshire and The Humber",79,2002,358,327,4,3,29837,1,31
"Yorkshire and The Humber",79,2003,315,306,9,8,29823,1,9
"Yorkshire and The Humber",79,2004,263,302,3,3,29917,0,-39
"Yorkshire and The Humber",79,2005,280,303,2,0,29813,2,-23
"Yorkshire and The Humber",79,2006,238,267,7,12,30036,-5,-29
"Yorkshire and The Humber",79,2007,328,315,0,6,29589,-6,13
"Yorkshire and The Humber",79,2008,253,252,5,1,29911,4,1
"Yorkshire and The Humber",79,2009,243,253,1,2,30705,-1,-10
"Yorkshire and The Humber",79,2010,254,263,1,3,31072,-2,-9
"Yorkshire and The Humber",79,2011,238,237,1,3,30730,-2,1
"Yorkshire and The Humber",79,2012,256,253,18,5,30799,13,3
"Yorkshire and The Humber",79,2013,261,276,22,5,31514,17,-15
"Yorkshire and The Humber",80,2002,367,335,1,0,29557,1,32
"Yorkshire and The Humber",80,2003,264,264,10,5,27938,5,0
"Yorkshire and The Humber",80,2004,286,315,5,2,27946,3,-29
"Yorkshire and The Humber",80,2005,251,272,2,0,28119,2,-21
"Yorkshire and The Humber",80,2006,294,300,0,4,28147,-4,-6
"Yorkshire and The Humber",80,2007,281,326,2,1,28275,1,-45
"Yorkshire and The Humber",80,2008,258,289,5,1,27957,4,-31
"Yorkshire and The Humber",80,2009,199,210,4,2,28289,2,-11
"Yorkshire and The Humber",80,2010,243,256,1,4,29134,-3,-13
"Yorkshire and The Humber",80,2011,231,255,1,4,29534,-3,-24
"Yorkshire and The Humber",80,2012,267,281,7,20,29275,-13,-14
"Yorkshire and The Humber",80,2013,289,277,16,0,29268,16,12
"Yorkshire and The Humber",81,2002,350,348,1,0,29145,1,2
"Yorkshire and The Humber",81,2003,294,301,5,1,27503,4,-7
"Yorkshire and The Humber",81,2004,247,279,1,1,26035,0,-32
"Yorkshire and The Humber",81,2005,293,296,0,0,26101,0,-3
"Yorkshire and The Humber",81,2006,241,258,0,6,26378,-6,-17
"Yorkshire and The Humber",81,2007,311,310,1,6,26392,-5,1
"Yorkshire and The Humber",81,2008,249,250,5,4,26522,1,-1
"Yorkshire and The Humber",81,2009,229,226,4,4,26280,0,3
"Yorkshire and The Humber",81,2010,243,264,2,2,26701,0,-21
"Yorkshire and The Humber",81,2011,219,251,1,1,27455,0,-32
"Yorkshire and The Humber",81,2012,303,261,11,1,27980,10,42
"Yorkshire and The Humber",81,2013,285,285,18,4,27717,14,0
"Yorkshire and The Humber",82,2002,318,318,0,0,26440,0,0
"Yorkshire and The Humber",82,2003,298,313,3,0,26810,3,-15
"Yorkshire and The Humber",82,2004,295,298,1,1,25423,0,-3
"Yorkshire and The Humber",82,2005,243,277,1,0,24146,1,-34
"Yorkshire and The Humber",82,2006,265,271,0,1,24300,-1,-6
"Yorkshire and The Humber",82,2007,308,319,0,2,24454,-2,-11
"Yorkshire and The Humber",82,2008,259,270,1,2,24568,-1,-11
"Yorkshire and The Humber",82,2009,196,193,2,0,24811,2,3
"Yorkshire and The Humber",82,2010,225,242,2,0,24603,2,-17
"Yorkshire and The Humber",82,2011,246,242,2,0,25037,2,4
"Yorkshire and The Humber",82,2012,271,262,6,5,25770,1,9
"Yorkshire and The Humber",82,2013,297,275,17,1,26294,16,22
"Yorkshire and The Humber",83,2002,193,231,2,0,18599,2,-38
"Yorkshire and The Humber",83,2003,325,339,6,3,24104,3,-14
"Yorkshire and The Humber",83,2004,288,343,0,0,24383,0,-55
"Yorkshire and The Humber",83,2005,243,286,1,0,23359,1,-43
"Yorkshire and The Humber",83,2006,258,247,0,1,22273,-1,11
"Yorkshire and The Humber",83,2007,275,304,0,1,22434,-1,-29
"Yorkshire and The Humber",83,2008,247,268,3,1,22559,2,-21
"Yorkshire and The Humber",83,2009,197,245,0,0,22829,0,-48
"Yorkshire and The Humber",83,2010,264,291,0,0,23012,0,-27
"Yorkshire and The Humber",83,2011,215,228,0,0,22879,0,-13
"Yorkshire and The Humber",83,2012,245,265,20,0,23350,20,-20
"Yorkshire and The Humber",83,2013,262,272,12,0,24012,12,-10
"Yorkshire and The Humber",84,2002,200,236,1,2,14750,-1,-36
"Yorkshire and The Humber",84,2003,218,232,12,6,17038,6,-14
"Yorkshire and The Humber",84,2004,257,296,2,2,21766,0,-39
"Yorkshire and The Humber",84,2005,293,278,0,1,22138,-1,15
"Yorkshire and The Humber",84,2006,256,265,2,9,21379,-7,-9
"Yorkshire and The Humber",84,2007,255,250,1,8,20375,-7,5
"Yorkshire and The Humber",84,2008,229,211,6,4,20567,2,18
"Yorkshire and The Humber",84,2009,202,225,6,5,20624,1,-23
"Yorkshire and The Humber",84,2010,231,232,1,4,21029,-3,-1
"Yorkshire and The Humber",84,2011,230,240,1,2,21261,-1,-10
"Yorkshire and The Humber",84,2012,238,251,10,1,21046,9,-13
"Yorkshire and The Humber",84,2013,268,270,10,0,21556,10,-2
"Yorkshire and The Humber",85,2002,231,222,5,2,14631,3,9
"Yorkshire and The Humber",85,2003,168,203,10,6,13191,4,-35
"Yorkshire and The Humber",85,2004,213,236,4,4,15422,0,-23
"Yorkshire and The Humber",85,2005,268,289,0,0,19522,0,-21
"Yorkshire and The Humber",85,2006,305,308,3,8,20052,-5,-3
"Yorkshire and The Humber",85,2007,280,302,2,2,19401,0,-22
"Yorkshire and The Humber",85,2008,223,249,2,5,18506,-3,-26
"Yorkshire and The Humber",85,2009,201,237,5,2,18698,3,-36
"Yorkshire and The Humber",85,2010,208,235,1,2,18710,-1,-27
"Yorkshire and The Humber",85,2011,227,237,4,4,19210,0,-10
"Yorkshire and The Humber",85,2012,249,271,10,3,19361,7,-22
"Yorkshire and The Humber",85,2013,223,244,8,2,19139,6,-21
"Yorkshire and The Humber",86,2002,241,242,2,2,13792,0,-1
"Yorkshire and The Humber",86,2003,181,202,5,2,13029,3,-21
"Yorkshire and The Humber",86,2004,172,195,1,1,11610,0,-23
"Yorkshire and The Humber",86,2005,147,179,0,0,13839,0,-32
"Yorkshire and The Humber",86,2006,268,262,0,5,17401,-5,6
"Yorkshire and The Humber",86,2007,260,317,0,1,17876,-1,-57
"Yorkshire and The Humber",86,2008,259,263,2,0,17414,2,-4
"Yorkshire and The Humber",86,2009,242,243,1,3,16632,-2,-1
"Yorkshire and The Humber",86,2010,230,251,0,0,16892,0,-21
"Yorkshire and The Humber",86,2011,216,226,1,1,16845,0,-10
"Yorkshire and The Humber",86,2012,233,239,10,4,17352,6,-6
"Yorkshire and The Humber",86,2013,235,252,12,1,17417,11,-17
"Yorkshire and The Humber",87,2002,216,223,2,0,12967,2,-7
"Yorkshire and The Humber",87,2003,202,218,4,1,12079,3,-16
"Yorkshire and The Humber",87,2004,211,209,1,3,11379,-2,2
"Yorkshire and The Humber",87,2005,156,161,0,0,10180,0,-5
"Yorkshire and The Humber",87,2006,180,183,0,5,12409,-5,-3
"Yorkshire and The Humber",87,2007,216,265,0,1,15185,-1,-49
"Yorkshire and The Humber",87,2008,225,232,4,0,15813,4,-7
"Yorkshire and The Humber",87,2009,235,221,1,0,15459,1,14
"Yorkshire and The Humber",87,2010,209,238,0,0,14864,0,-29
"Yorkshire and The Humber",87,2011,236,260,2,1,15061,1,-24
"Yorkshire and The Humber",87,2012,195,223,9,3,14997,6,-28
"Yorkshire and The Humber",87,2013,249,241,13,1,15420,12,8
"Yorkshire and The Humber",88,2002,203,223,0,0,11271,0,-20
"Yorkshire and The Humber",88,2003,199,200,5,1,11272,4,-1
"Yorkshire and The Humber",88,2004,187,210,0,0,10350,0,-23
"Yorkshire and The Humber",88,2005,153,184,0,0,9871,0,-31
"Yorkshire and The Humber",88,2006,169,190,0,2,8917,-2,-21
"Yorkshire and The Humber",88,2007,163,179,0,0,11024,0,-16
"Yorkshire and The Humber",88,2008,238,242,5,1,13110,4,-4
"Yorkshire and The Humber",88,2009,237,227,2,1,13769,1,10
"Yorkshire and The Humber",88,2010,206,235,0,1,13623,-1,-29
"Yorkshire and The Humber",88,2011,187,206,0,0,13135,0,-19
"Yorkshire and The Humber",88,2012,220,218,5,1,13344,4,2
"Yorkshire and The Humber",88,2013,240,248,8,1,13161,7,-8
"Yorkshire and The Humber",89,2002,198,216,0,2,9464,-2,-18
"Yorkshire and The Humber",89,2003,162,184,2,1,9580,1,-22
"Yorkshire and The Humber",89,2004,174,192,0,0,9640,0,-18
"Yorkshire and The Humber",89,2005,134,171,1,0,8789,1,-37
"Yorkshire and The Humber",89,2006,136,137,0,0,8486,0,-1
"Yorkshire and The Humber",89,2007,148,145,0,0,7594,0,3
"Yorkshire and The Humber",89,2008,128,138,0,1,9689,-1,-10
"Yorkshire and The Humber",89,2009,195,191,0,0,11222,0,4
"Yorkshire and The Humber",89,2010,179,213,0,0,11919,0,-34
"Yorkshire and The Humber",89,2011,187,206,0,0,11819,0,-19
"Yorkshire and The Humber",89,2012,202,225,4,0,11339,4,-23
"Yorkshire and The Humber",89,2013,192,207,5,2,11496,3,-15
"Yorkshire and The Humber",90,2002,726,786,0,0,32628,0,-60
"Yorkshire and The Humber",90,2003,662,723,3,0,33514,3,-61
"Yorkshire and The Humber",90,2004,701,786,1,0,34243,1,-85
"Yorkshire and The Humber",90,2005,623,686,0,0,34911,0,-63
"Yorkshire and The Humber",90,2006,682,744,0,0,34975,0,-62
"Yorkshire and The Humber",90,2007,717,768,0,0,34756,0,-51
"Yorkshire and The Humber",90,2008,715,787,0,1,33460,-1,-72
"Yorkshire and The Humber",90,2009,673,708,0,0,34563,0,-35
"Yorkshire and The Humber",90,2010,714,755,0,0,36999,0,-41
"Yorkshire and The Humber",90,2011,754,795,0,0,39427,0,-41
"Yorkshire and The Humber",90,2012,813,861,17,3,41334,14,-48
"Yorkshire and The Humber",90,2013,844,853,19,2,41844,17,-9
"Scotland",0,2002,1288,1149,285,214,51198,NA,NA
"Scotland",1,2002,2878,2668,439,394,52278,NA,NA
"Scotland",2,2002,2662,2506,411,371,53357,NA,NA
"Scotland",3,2002,2451,2314,397,361,55908,NA,NA
"Scotland",4,2002,2280,2184,373,331,57046,NA,NA
"Scotland",5,2002,2036,1972,295,296,58892,NA,NA
"Scotland",6,2002,1808,1741,259,265,58284,NA,NA
"Scotland",7,2002,1789,1721,251,258,59285,NA,NA
"Scotland",8,2002,1770,1702,255,251,61186,NA,NA
"Scotland",9,2002,1751,1713,239,234,62698,NA,NA
"Scotland",10,2002,1737,1687,187,220,65252,NA,NA
"Scotland",11,2002,1676,1571,204,203,65499,NA,NA
"Scotland",12,2002,1448,1485,181,187,63584,NA,NA
"Scotland",13,2002,1422,1411,206,190,63267,NA,NA
"Scotland",14,2002,1509,1481,262,186,65413,NA,NA
"Scotland",15,2002,1331,1309,255,156,64670,NA,NA
"Scotland",16,2002,1581,1577,407,193,65077,NA,NA
"Scotland",17,2002,2414,2496,424,260,64749,NA,NA
"Scotland",18,2002,6466,6551,547,370,61292,NA,NA
"Scotland",19,2002,7897,6332,917,495,62834,NA,NA
"Scotland",20,2002,5429,4446,1150,556,65215,NA,NA
"Scotland",21,2002,4684,4630,1577,772,68793,NA,NA
"Scotland",22,2002,5159,5488,1481,1033,67948,NA,NA
"Scotland",23,2002,5172,6312,1590,1467,63473,NA,NA
"Scotland",24,2002,4631,5610,1455,1386,57746,NA,NA
"Scotland",25,2002,4549,5184,1413,1334,55830,NA,NA
"Scotland",26,2002,4655,4968,1168,1243,59372,NA,NA
"Scotland",27,2002,4598,4804,1089,1152,59905,NA,NA
"Scotland",28,2002,4566,4659,975,1006,61024,NA,NA
"Scotland",29,2002,4485,4528,860,960,65239,NA,NA
"Scotland",30,2002,4589,4497,790,828,69544,NA,NA
"Scotland",31,2002,4419,4415,671,755,73473,NA,NA
"Scotland",32,2002,4128,4009,625,653,73315,NA,NA
"Scotland",33,2002,3982,3851,573,615,76379,NA,NA
"Scotland",34,2002,3689,3583,469,575,77905,NA,NA
"Scotland",35,2002,3552,3420,468,512,79751,NA,NA
"Scotland",36,2002,3214,3059,392,441,78808,NA,NA
"Scotland",37,2002,3055,2922,343,428,81598,NA,NA
"Scotland",38,2002,2758,2621,315,385,81388,NA,NA
"Scotland",39,2002,2659,2632,300,366,81163,NA,NA
"Scotland",40,2002,2468,2337,276,316,80115,NA,NA
"Scotland",41,2002,2261,2172,238,306,78788,NA,NA
"Scotland",42,2002,2048,1948,207,273,76670,NA,NA
"Scotland",43,2002,1934,1876,224,250,76093,NA,NA
"Scotland",44,2002,1735,1712,196,216,74513,NA,NA
"Scotland",45,2002,1641,1572,159,215,72735,NA,NA
"Scotland",46,2002,1505,1427,151,192,70883,NA,NA
"Scotland",47,2002,1431,1333,125,166,68271,NA,NA
"Scotland",48,2002,1346,1284,112,163,67801,NA,NA
"Scotland",49,2002,1429,1307,107,146,66501,NA,NA
"Scotland",50,2002,1287,1199,103,132,64410,NA,NA
"Scotland",51,2002,1287,1138,105,115,65953,NA,NA
"Scotland",52,2002,1236,1101,88,116,66671,NA,NA
"Scotland",53,2002,1289,1108,84,118,68767,NA,NA
"Scotland",54,2002,1247,1108,72,114,71212,NA,NA
"Scotland",55,2002,1309,1136,106,118,77469,NA,NA
"Scotland",56,2002,987,843,72,91,59887,NA,NA
"Scotland",57,2002,943,805,67,101,57537,NA,NA
"Scotland",58,2002,980,815,72,85,59281,NA,NA
"Scotland",59,2002,830,693,47,73,57773,NA,NA
"Scotland",60,2002,861,702,67,72,53965,NA,NA
"Scotland",61,2002,691,587,54,62,51089,NA,NA
"Scotland",62,2002,755,649,51,70,52894,NA,NA
"Scotland",63,2002,677,583,45,64,52411,NA,NA
"Scotland",64,2002,661,575,54,57,51822,NA,NA
"Scotland",65,2002,698,588,42,62,50300,NA,NA
"Scotland",66,2002,634,563,43,61,49598,NA,NA
"Scotland",67,2002,525,473,35,48,48288,NA,NA
"Scotland",68,2002,486,419,28,42,46508,NA,NA
"Scotland",69,2002,462,413,22,39,44905,NA,NA
"Scotland",70,2002,428,372,31,33,45276,NA,NA
"Scotland",71,2002,376,333,25,33,43878,NA,NA
"Scotland",72,2002,369,335,26,34,42318,NA,NA
"Scotland",73,2002,354,310,20,26,40404,NA,NA
"Scotland",74,2002,350,336,12,31,37334,NA,NA
"Scotland",75,2002,336,317,7,26,36074,NA,NA
"Scotland",76,2002,382,345,17,25,35667,NA,NA
"Scotland",77,2002,318,295,15,17,32859,NA,NA
"Scotland",78,2002,375,337,12,20,31354,NA,NA
"Scotland",79,2002,325,291,10,19,28432,NA,NA
"Scotland",80,2002,336,314,12,19,28097,NA,NA
"Scotland",81,2002,333,310,10,18,28002,NA,NA
"Scotland",82,2002,353,327,9,21,26700,NA,NA
"Scotland",83,2002,210,188,8,13,16914,NA,NA
"Scotland",84,2002,230,213,5,13,14635,NA,NA
"Scotland",85,2002,227,220,4,12,14025,NA,NA
"Scotland",86,2002,229,227,5,13,13129,NA,NA
"Scotland",87,2002,230,210,2,6,12144,NA,NA
"Scotland",88,2002,211,177,1,3,10713,NA,NA
"Scotland",89,2002,158,149,6,5,8590,NA,NA
"Scotland",90,2002,735,699,13,28,26707,NA,NA
"Scotland",0,2003,1236,1067,242,204,51781,NA,NA
"Scotland",1,2003,2844,2671,342,387,51240,NA,NA
"Scotland",2,2003,2588,2457,364,383,52436,NA,NA
"Scotland",3,2003,2457,2325,324,346,53601,NA,NA
"Scotland",4,2003,2197,2142,354,355,56061,NA,NA
"Scotland",5,2003,1954,1876,232,283,57177,NA,NA
"Scotland",6,2003,1820,1730,206,256,59081,NA,NA
"Scotland",7,2003,1681,1533,209,234,58582,NA,NA
"Scotland",8,2003,1714,1591,207,235,59513,NA,NA
"Scotland",9,2003,1735,1605,206,239,61400,NA,NA
"Scotland",10,2003,1667,1581,163,207,62776,NA,NA
"Scotland",11,2003,1662,1533,165,201,65355,NA,NA
"Scotland",12,2003,1589,1539,164,199,65313,NA,NA
"Scotland",13,2003,1503,1454,170,191,63497,NA,NA
"Scotland",14,2003,1452,1454,212,184,63098,NA,NA
"Scotland",15,2003,1374,1328,241,188,65196,NA,NA
"Scotland",16,2003,1567,1580,346,197,64254,NA,NA
"Scotland",17,2003,2764,2782,352,252,64536,NA,NA
"Scotland",18,2003,6254,6355,485,385,64075,NA,NA
"Scotland",19,2003,7444,6048,751,499,62856,NA,NA
"Scotland",20,2003,5089,4325,1020,580,64074,NA,NA
"Scotland",21,2003,4394,4271,1509,717,66237,NA,NA
"Scotland",22,2003,5052,5256,1489,1021,68846,NA,NA
"Scotland",23,2003,5276,6256,1608,1526,66724,NA,NA
"Scotland",24,2003,4944,5819,1465,1487,62604,NA,NA
"Scotland",25,2003,4467,5026,1352,1448,57293,NA,NA
"Scotland",26,2003,4219,4521,1152,1290,55535,NA,NA
"Scotland",27,2003,4423,4610,1052,1181,59389,NA,NA
"Scotland",28,2003,4472,4557,904,1069,59851,NA,NA
"Scotland",29,2003,4377,4366,800,986,61124,NA,NA
"Scotland",30,2003,4497,4436,738,855,65424,NA,NA
"Scotland",31,2003,4395,4367,637,791,69709,NA,NA
"Scotland",32,2003,4206,4146,577,718,73529,NA,NA
"Scotland",33,2003,3996,3804,535,626,73436,NA,NA
"Scotland",34,2003,3858,3722,461,595,76489,NA,NA
"Scotland",35,2003,3559,3403,425,542,78034,NA,NA
"Scotland",36,2003,3418,3210,368,487,79889,NA,NA
"Scotland",37,2003,3153,2913,303,427,78996,NA,NA
"Scotland",38,2003,2950,2754,287,416,81861,NA,NA
"Scotland",39,2003,2740,2550,263,350,81564,NA,NA
"Scotland",40,2003,2577,2414,249,326,81347,NA,NA
"Scotland",41,2003,2399,2225,197,304,80175,NA,NA
"Scotland",42,2003,2233,2119,180,290,78686,NA,NA
"Scotland",43,2003,2108,1941,177,244,76616,NA,NA
"Scotland",44,2003,1923,1772,145,228,76059,NA,NA
"Scotland",45,2003,1842,1714,124,219,74429,NA,NA
"Scotland",46,2003,1691,1576,136,184,72627,NA,NA
"Scotland",47,2003,1574,1445,120,164,70848,NA,NA
"Scotland",48,2003,1444,1355,107,177,68121,NA,NA
"Scotland",49,2003,1412,1324,94,154,67607,NA,NA
"Scotland",50,2003,1395,1239,92,140,66389,NA,NA
"Scotland",51,2003,1309,1153,73,131,64292,NA,NA
"Scotland",52,2003,1262,1143,74,127,65760,NA,NA
"Scotland",53,2003,1280,1104,82,112,66471,NA,NA
"Scotland",54,2003,1312,1111,71,108,68629,NA,NA
"Scotland",55,2003,1359,1149,77,119,71007,NA,NA
"Scotland",56,2003,1383,1177,63,120,77199,NA,NA
"Scotland",57,2003,1028,855,44,97,59649,NA,NA
"Scotland",58,2003,946,787,49,86,57165,NA,NA
"Scotland",59,2003,1072,878,59,72,58973,NA,NA
"Scotland",60,2003,1020,829,58,75,57378,NA,NA
"Scotland",61,2003,901,723,44,72,53506,NA,NA
"Scotland",62,2003,731,602,49,66,50578,NA,NA
"Scotland",63,2003,745,624,58,59,52255,NA,NA
"Scotland",64,2003,740,597,45,54,51794,NA,NA
"Scotland",65,2003,773,649,44,68,51112,NA,NA
"Scotland",66,2003,692,550,31,49,49525,NA,NA
"Scotland",67,2003,598,474,30,47,48738,NA,NA
"Scotland",68,2003,565,472,23,41,47403,NA,NA
"Scotland",69,2003,479,421,28,37,45442,NA,NA
"Scotland",70,2003,459,370,20,30,43875,NA,NA
"Scotland",71,2003,437,380,16,28,44123,NA,NA
"Scotland",72,2003,404,355,21,36,42542,NA,NA
"Scotland",73,2003,428,363,19,23,40857,NA,NA
"Scotland",74,2003,340,321,14,26,38818,NA,NA
"Scotland",75,2003,338,312,12,26,35753,NA,NA
"Scotland",76,2003,334,305,12,21,34426,NA,NA
"Scotland",77,2003,352,318,8,17,33860,NA,NA
"Scotland",78,2003,303,277,15,14,31103,NA,NA
"Scotland",79,2003,327,297,7,21,29437,NA,NA
"Scotland",80,2003,296,278,8,22,26495,NA,NA
"Scotland",81,2003,311,288,7,16,26005,NA,NA
"Scotland",82,2003,313,282,9,18,25781,NA,NA
"Scotland",83,2003,338,309,4,17,24359,NA,NA
"Scotland",84,2003,236,227,3,14,15285,NA,NA
"Scotland",85,2003,205,189,5,9,13051,NA,NA
"Scotland",86,2003,204,195,4,11,12377,NA,NA
"Scotland",87,2003,245,237,1,8,11451,NA,NA
"Scotland",88,2003,221,199,3,6,10464,NA,NA
"Scotland",89,2003,207,193,2,6,9073,NA,NA
"Scotland",90,2003,690,645,7,24,27149,NA,NA
"Scotland",0,2004,1438,1215,296,202,53629,NA,NA
"Scotland",1,2004,3012,2695,422,369,51953,NA,NA
"Scotland",2,2004,2584,2348,350,320,51423,NA,NA
"Scotland",3,2004,2458,2179,320,294,52769,NA,NA
"Scotland",4,2004,2299,2099,323,301,53953,NA,NA
"Scotland",5,2004,2019,1840,275,272,56305,NA,NA
"Scotland",6,2004,1849,1569,236,217,57572,NA,NA
"Scotland",7,2004,1866,1671,249,242,59412,NA,NA
"Scotland",8,2004,1769,1559,224,209,58952,NA,NA
"Scotland",9,2004,1677,1524,217,218,59770,NA,NA
"Scotland",10,2004,1721,1561,182,207,61654,NA,NA
"Scotland",11,2004,1668,1475,173,186,62943,NA,NA
"Scotland",12,2004,1643,1516,158,180,65486,NA,NA
"Scotland",13,2004,1420,1271,156,161,65416,NA,NA
"Scotland",14,2004,1498,1378,190,167,63396,NA,NA
"Scotland",15,2004,1409,1282,220,164,63113,NA,NA
"Scotland",16,2004,1536,1497,281,176,65051,NA,NA
"Scotland",17,2004,2800,2768,340,245,63848,NA,NA
"Scotland",18,2004,5519,5482,475,340,64224,NA,NA
"Scotland",19,2004,7304,5539,905,478,66324,NA,NA
"Scotland",20,2004,4901,3941,1157,514,64268,NA,NA
"Scotland",21,2004,4454,4159,1681,723,65235,NA,NA
"Scotland",22,2004,5075,5122,1749,950,66465,NA,NA
"Scotland",23,2004,5398,6136,1868,1415,68039,NA,NA
"Scotland",24,2004,5132,5841,1723,1431,66118,NA,NA
"Scotland",25,2004,4942,5384,1565,1446,62312,NA,NA
"Scotland",26,2004,4470,4623,1380,1277,57250,NA,NA
"Scotland",27,2004,4503,4523,1208,1142,55783,NA,NA
"Scotland",28,2004,4505,4486,1078,1074,59471,NA,NA
"Scotland",29,2004,4427,4189,869,911,60230,NA,NA
"Scotland",30,2004,4403,4190,743,830,61428,NA,NA
"Scotland",31,2004,4295,4202,711,737,65675,NA,NA
"Scotland",32,2004,4368,4069,617,621,70216,NA,NA
"Scotland",33,2004,4255,3834,579,595,73910,NA,NA
"Scotland",34,2004,3818,3535,484,541,73672,NA,NA
"Scotland",35,2004,3682,3365,456,514,76791,NA,NA
"Scotland",36,2004,3503,3161,372,439,78394,NA,NA
"Scotland",37,2004,3375,3016,332,414,80140,NA,NA
"Scotland",38,2004,3012,2679,310,359,79340,NA,NA
"Scotland",39,2004,2882,2611,283,334,82152,NA,NA
"Scotland",40,2004,2743,2440,276,320,81822,NA,NA
"Scotland",41,2004,2484,2167,248,283,81578,NA,NA
"Scotland",42,2004,2203,1948,217,270,80315,NA,NA
"Scotland",43,2004,2136,1858,190,245,78785,NA,NA
"Scotland",44,2004,1934,1686,182,224,76614,NA,NA
"Scotland",45,2004,1869,1627,146,194,76083,NA,NA
"Scotland",46,2004,1724,1520,136,183,74330,NA,NA
"Scotland",47,2004,1700,1445,130,155,72683,NA,NA
"Scotland",48,2004,1512,1298,112,143,70877,NA,NA
"Scotland",49,2004,1495,1217,107,140,68112,NA,NA
"Scotland",50,2004,1439,1176,110,129,67615,NA,NA
"Scotland",51,2004,1418,1142,105,122,66441,NA,NA
"Scotland",52,2004,1292,1069,79,120,64226,NA,NA
"Scotland",53,2004,1313,1061,81,113,65698,NA,NA
"Scotland",54,2004,1300,1022,100,95,66408,NA,NA
"Scotland",55,2004,1367,1088,77,106,68520,NA,NA
"Scotland",56,2004,1357,1034,84,107,70911,NA,NA
"Scotland",57,2004,1464,1132,76,106,77066,NA,NA
"Scotland",58,2004,967,809,69,96,59381,NA,NA
"Scotland",59,2004,1063,786,55,76,56918,NA,NA
"Scotland",60,2004,1069,812,47,84,58611,NA,NA
"Scotland",61,2004,978,702,74,61,57076,NA,NA
"Scotland",62,2004,813,577,65,54,53131,NA,NA
"Scotland",63,2004,757,585,46,68,50088,NA,NA
"Scotland",64,2004,770,550,52,58,51702,NA,NA
"Scotland",65,2004,811,605,45,51,51195,NA,NA
"Scotland",66,2004,697,535,48,55,50384,NA,NA
"Scotland",67,2004,601,465,42,45,48796,NA,NA
"Scotland",68,2004,573,462,38,41,47824,NA,NA
"Scotland",69,2004,511,399,24,39,46469,NA,NA
"Scotland",70,2004,424,353,29,32,44402,NA,NA
"Scotland",71,2004,416,363,25,38,42699,NA,NA
"Scotland",72,2004,417,322,31,26,42828,NA,NA
"Scotland",73,2004,417,331,22,27,41198,NA,NA
"Scotland",74,2004,364,307,24,30,39365,NA,NA
"Scotland",75,2004,350,290,19,23,37316,NA,NA
"Scotland",76,2004,341,285,16,28,34154,NA,NA
"Scotland",77,2004,336,275,14,23,32807,NA,NA
"Scotland",78,2004,336,278,18,18,31982,NA,NA
"Scotland",79,2004,299,255,14,17,29236,NA,NA
"Scotland",80,2004,350,294,16,17,27590,NA,NA
"Scotland",81,2004,328,274,5,16,24566,NA,NA
"Scotland",82,2004,292,251,10,17,23957,NA,NA
"Scotland",83,2004,299,284,8,16,23594,NA,NA
"Scotland",84,2004,301,259,6,17,22067,NA,NA
"Scotland",85,2004,212,186,5,12,13756,NA,NA
"Scotland",86,2004,179,156,4,8,11578,NA,NA
"Scotland",87,2004,201,186,4,6,10796,NA,NA
"Scotland",88,2004,192,168,1,6,9889,NA,NA
"Scotland",89,2004,176,152,1,4,8971,NA,NA
"Scotland",90,2004,732,669,10,21,27808,NA,NA
"Scotland",0,2005,1427,1190,461,234,54501,NA,NA
"Scotland",1,2005,2976,2645,590,402,53949,NA,NA
"Scotland",2,2005,2617,2415,515,368,52170,NA,NA
"Scotland",3,2005,2147,2010,501,346,51684,NA,NA
"Scotland",4,2005,2099,1896,492,329,53186,NA,NA
"Scotland",5,2005,1823,1706,403,286,54317,NA,NA
"Scotland",6,2005,1660,1498,366,266,56658,NA,NA
"Scotland",7,2005,1724,1505,320,235,57976,NA,NA
"Scotland",8,2005,1692,1552,312,249,59776,NA,NA
"Scotland",9,2005,1618,1449,304,232,59357,NA,NA
"Scotland",10,2005,1479,1315,278,213,60152,NA,NA
"Scotland",11,2005,1508,1302,249,198,62038,NA,NA
"Scotland",12,2005,1402,1281,238,191,63046,NA,NA
"Scotland",13,2005,1455,1326,230,187,65215,NA,NA
"Scotland",14,2005,1491,1366,281,198,65015,NA,NA
"Scotland",15,2005,1469,1384,261,180,63017,NA,NA
"Scotland",16,2005,1541,1438,358,199,63126,NA,NA
"Scotland",17,2005,4189,4069,438,272,65061,NA,NA
"Scotland",18,2005,6211,5989,667,381,64149,NA,NA
"Scotland",19,2005,7098,5239,1234,543,67429,NA,NA
"Scotland",20,2005,5007,4078,1637,576,68416,NA,NA
"Scotland",21,2005,4406,4180,2304,798,66143,NA,NA
"Scotland",22,2005,4980,5015,2634,1044,66358,NA,NA
"Scotland",23,2005,5114,5860,2884,1552,66747,NA,NA
"Scotland",24,2005,4993,5769,2721,1664,68004,NA,NA
"Scotland",25,2005,4963,5309,2557,1700,66313,NA,NA
"Scotland",26,2005,4732,5061,2123,1594,62503,NA,NA
"Scotland",27,2005,4306,4346,1840,1395,57853,NA,NA
"Scotland",28,2005,4160,4182,1555,1245,56193,NA,NA
"Scotland",29,2005,4237,4191,1332,1117,59946,NA,NA
"Scotland",30,2005,4093,3982,1119,929,60790,NA,NA
"Scotland",31,2005,4007,3908,983,827,61898,NA,NA
"Scotland",32,2005,3970,3818,898,728,66223,NA,NA
"Scotland",33,2005,4004,3746,780,673,70717,NA,NA
"Scotland",34,2005,3899,3628,736,615,74446,NA,NA
"Scotland",35,2005,3406,3284,615,549,73933,NA,NA
"Scotland",36,2005,3292,3069,525,521,77107,NA,NA
"Scotland",37,2005,3133,2874,522,444,78843,NA,NA
"Scotland",38,2005,2939,2744,436,419,80362,NA,NA
"Scotland",39,2005,2712,2401,387,384,79788,NA,NA
"Scotland",40,2005,2560,2298,372,346,82513,NA,NA
"Scotland",41,2005,2439,2102,347,307,82160,NA,NA
"Scotland",42,2005,2378,2087,298,293,81870,NA,NA
"Scotland",43,2005,2041,1837,280,275,80468,NA,NA
"Scotland",44,2005,2046,1742,283,239,79039,NA,NA
"Scotland",45,2005,1791,1582,262,222,76668,NA,NA
"Scotland",46,2005,1786,1541,227,214,76140,NA,NA
"Scotland",47,2005,1713,1489,194,201,74386,NA,NA
"Scotland",48,2005,1592,1421,202,183,72719,NA,NA
"Scotland",49,2005,1548,1285,169,152,70956,NA,NA
"Scotland",50,2005,1422,1202,140,150,68075,NA,NA
"Scotland",51,2005,1326,1122,137,145,67596,NA,NA
"Scotland",52,2005,1278,1057,133,124,66390,NA,NA
"Scotland",53,2005,1273,1047,120,122,64199,NA,NA
"Scotland",54,2005,1182,975,112,122,65602,NA,NA
"Scotland",55,2005,1207,987,109,115,66261,NA,NA
"Scotland",56,2005,1301,1009,111,105,68394,NA,NA
"Scotland",57,2005,1225,936,104,106,70766,NA,NA
"Scotland",58,2005,1336,1113,89,124,76754,NA,NA
"Scotland",59,2005,980,808,90,90,59113,NA,NA
"Scotland",60,2005,959,786,88,88,56594,NA,NA
"Scotland",61,2005,883,720,82,91,58166,NA,NA
"Scotland",62,2005,781,643,69,81,56562,NA,NA
"Scotland",63,2005,689,575,62,66,52611,NA,NA
"Scotland",64,2005,650,545,66,59,49511,NA,NA
"Scotland",65,2005,729,594,62,64,51051,NA,NA
"Scotland",66,2005,627,544,59,56,50452,NA,NA
"Scotland",67,2005,516,445,53,56,49561,NA,NA
"Scotland",68,2005,481,405,37,46,47899,NA,NA
"Scotland",69,2005,480,416,42,46,46875,NA,NA
"Scotland",70,2005,423,336,37,29,45503,NA,NA
"Scotland",71,2005,402,364,33,38,43261,NA,NA
"Scotland",72,2005,375,332,31,35,41526,NA,NA
"Scotland",73,2005,327,284,21,23,41562,NA,NA
"Scotland",74,2005,329,301,25,33,39712,NA,NA
"Scotland",75,2005,325,314,13,30,37821,NA,NA
"Scotland",76,2005,314,266,20,23,35731,NA,NA
"Scotland",77,2005,299,255,17,23,32487,NA,NA
"Scotland",78,2005,322,292,10,18,31106,NA,NA
"Scotland",79,2005,304,263,19,22,30152,NA,NA
"Scotland",80,2005,255,236,9,14,27351,NA,NA
"Scotland",81,2005,292,267,14,15,25674,NA,NA
"Scotland",82,2005,269,253,7,16,22657,NA,NA
"Scotland",83,2005,242,231,10,15,21908,NA,NA
"Scotland",84,2005,280,253,13,10,21397,NA,NA
"Scotland",85,2005,272,238,6,16,19926,NA,NA
"Scotland",86,2005,197,186,7,14,12293,NA,NA
"Scotland",87,2005,195,192,3,11,10169,NA,NA
"Scotland",88,2005,166,148,5,8,9280,NA,NA
"Scotland",89,2005,187,185,6,6,8401,NA,NA
"Scotland",90,2005,718,655,9,30,28527,NA,NA
"Scotland",0,2006,1397,1234,438,246,55117,NA,NA
"Scotland",1,2006,2806,2677,615,437,54638,NA,NA
"Scotland",2,2006,2510,2449,508,414,53923,NA,NA
"Scotland",3,2006,2142,2008,482,349,52317,NA,NA
"Scotland",4,2006,1960,1856,446,331,51891,NA,NA
"Scotland",5,2006,1699,1659,399,299,53385,NA,NA
"Scotland",6,2006,1600,1510,353,274,54645,NA,NA
"Scotland",7,2006,1505,1411,325,244,56935,NA,NA
"Scotland",8,2006,1492,1452,299,255,58184,NA,NA
"Scotland",9,2006,1501,1419,266,240,60029,NA,NA
"Scotland",10,2006,1410,1326,241,213,59644,NA,NA
"Scotland",11,2006,1332,1330,250,223,60314,NA,NA
"Scotland",12,2006,1293,1296,249,209,62282,NA,NA
"Scotland",13,2006,1302,1259,232,198,62988,NA,NA
"Scotland",14,2006,1408,1382,257,210,65170,NA,NA
"Scotland",15,2006,1324,1275,250,190,64773,NA,NA
"Scotland",16,2006,1425,1403,367,230,63151,NA,NA
"Scotland",17,2006,2944,2905,398,261,63487,NA,NA
"Scotland",18,2006,5171,4972,600,388,65855,NA,NA
"Scotland",19,2006,6974,4833,1190,550,67777,NA,NA
"Scotland",20,2006,4826,3914,1622,595,69372,NA,NA
"Scotland",21,2006,4211,4031,2199,845,69685,NA,NA
"Scotland",22,2006,4707,4709,2475,1119,65948,NA,NA
"Scotland",23,2006,4933,5531,2811,1581,66346,NA,NA
"Scotland",24,2006,4905,5502,2728,1715,67054,NA,NA
"Scotland",25,2006,4937,5360,2497,1848,68083,NA,NA
"Scotland",26,2006,4711,5038,2206,1753,66234,NA,NA
"Scotland",27,2006,4582,4678,1868,1527,62897,NA,NA
"Scotland",28,2006,4115,4127,1643,1391,58229,NA,NA
"Scotland",29,2006,4088,4007,1369,1181,56698,NA,NA
"Scotland",30,2006,3970,3959,1182,1061,60385,NA,NA
"Scotland",31,2006,3956,3814,977,929,61241,NA,NA
"Scotland",32,2006,3770,3631,887,797,62393,NA,NA
"Scotland",33,2006,3849,3681,772,736,66581,NA,NA
"Scotland",34,2006,3642,3476,703,672,71187,NA,NA
"Scotland",35,2006,3516,3285,635,596,74809,NA,NA
"Scotland",36,2006,3212,2946,539,527,74350,NA,NA
"Scotland",37,2006,3005,2751,473,488,77464,NA,NA
"Scotland",38,2006,2857,2639,468,443,79212,NA,NA
"Scotland",39,2006,2698,2482,367,416,80665,NA,NA
"Scotland",40,2006,2401,2190,361,375,79992,NA,NA
"Scotland",41,2006,2404,2174,312,347,82780,NA,NA
"Scotland",42,2006,2147,2019,333,318,82272,NA,NA
"Scotland",43,2006,2157,1982,320,297,82114,NA,NA
"Scotland",44,2006,1912,1786,244,285,80547,NA,NA
"Scotland",45,2006,1771,1691,239,270,78993,NA,NA
"Scotland",46,2006,1690,1531,232,219,76588,NA,NA
"Scotland",47,2006,1642,1493,207,217,76143,NA,NA
"Scotland",48,2006,1579,1471,202,212,74320,NA,NA
"Scotland",49,2006,1578,1434,190,194,72689,NA,NA
"Scotland",50,2006,1377,1262,155,190,70804,NA,NA
"Scotland",51,2006,1355,1179,168,168,67999,NA,NA
"Scotland",52,2006,1268,1144,144,156,67421,NA,NA
"Scotland",53,2006,1265,1094,144,150,66287,NA,NA
"Scotland",54,2006,1166,1007,118,138,64083,NA,NA
"Scotland",55,2006,1189,1002,103,137,65426,NA,NA
"Scotland",56,2006,1152,1004,90,128,65985,NA,NA
"Scotland",57,2006,1198,1018,108,118,68122,NA,NA
"Scotland",58,2006,1188,1038,96,124,70422,NA,NA
"Scotland",59,2006,1302,1068,84,125,76431,NA,NA
"Scotland",60,2006,977,824,84,98,58785,NA,NA
"Scotland",61,2006,927,784,82,94,56186,NA,NA
"Scotland",62,2006,867,735,65,93,57650,NA,NA
"Scotland",63,2006,803,671,60,89,55978,NA,NA
"Scotland",64,2006,691,597,52,72,51965,NA,NA
"Scotland",65,2006,658,585,67,77,48842,NA,NA
"Scotland",66,2006,572,520,48,67,50247,NA,NA
"Scotland",67,2006,565,484,44,55,49626,NA,NA
"Scotland",68,2006,481,446,49,50,48661,NA,NA
"Scotland",69,2006,417,373,29,49,46951,NA,NA
"Scotland",70,2006,410,374,38,49,45832,NA,NA
"Scotland",71,2006,377,366,30,42,44399,NA,NA
"Scotland",72,2006,366,350,26,35,42033,NA,NA
"Scotland",73,2006,328,302,21,35,40317,NA,NA
"Scotland",74,2006,305,283,21,32,40197,NA,NA
"Scotland",75,2006,342,282,19,24,38208,NA,NA
"Scotland",76,2006,290,281,12,32,36232,NA,NA
"Scotland",77,2006,270,257,13,34,34008,NA,NA
"Scotland",78,2006,273,261,16,21,30779,NA,NA
"Scotland",79,2006,285,284,11,27,29392,NA,NA
"Scotland",80,2006,297,287,13,23,28315,NA,NA
"Scotland",81,2006,273,250,14,17,25442,NA,NA
"Scotland",82,2006,251,229,11,17,23747,NA,NA
"Scotland",83,2006,242,240,9,18,20770,NA,NA
"Scotland",84,2006,261,234,8,19,19907,NA,NA
"Scotland",85,2006,259,236,5,15,19346,NA,NA
"Scotland",86,2006,222,203,3,15,17915,NA,NA
"Scotland",87,2006,148,153,2,10,10835,NA,NA
"Scotland",88,2006,138,136,2,9,8797,NA,NA
"Scotland",89,2006,138,129,1,5,7979,NA,NA
"Scotland",90,2006,654,631,9,28,29003,NA,NA
"Scotland",0,2007,1407,1182,500,165,57037,NA,NA
"Scotland",1,2007,2964,2780,676,299,55447,NA,NA
"Scotland",2,2007,2648,2435,613,261,55052,NA,NA
"Scotland",3,2007,2295,2189,595,259,54210,NA,NA
"Scotland",4,2007,1996,1911,533,234,52556,NA,NA
"Scotland",5,2007,1645,1574,466,196,52188,NA,NA
"Scotland",6,2007,1545,1460,435,183,53809,NA,NA
"Scotland",7,2007,1558,1478,391,173,55110,NA,NA
"Scotland",8,2007,1512,1397,356,164,57350,NA,NA
"Scotland",9,2007,1483,1357,296,146,58571,NA,NA
"Scotland",10,2007,1394,1332,335,153,60452,NA,NA
"Scotland",11,2007,1481,1360,278,139,60098,NA,NA
"Scotland",12,2007,1360,1298,289,138,60674,NA,NA
"Scotland",13,2007,1234,1229,263,136,62446,NA,NA
"Scotland",14,2007,1373,1295,285,133,63230,NA,NA
"Scotland",15,2007,1350,1295,293,118,65395,NA,NA
"Scotland",16,2007,1469,1464,383,147,64924,NA,NA
"Scotland",17,2007,2752,2722,424,180,64495,NA,NA
"Scotland",18,2007,5001,4782,651,257,64793,NA,NA
"Scotland",19,2007,6402,4762,1436,362,69633,NA,NA
"Scotland",20,2007,4572,3963,1771,426,69832,NA,NA
"Scotland",21,2007,4118,4015,2204,596,68984,NA,NA
"Scotland",22,2007,4671,4748,2562,762,69143,NA,NA
"Scotland",23,2007,4868,5563,2942,1027,66646,NA,NA
"Scotland",24,2007,4748,5502,2831,1115,66966,NA,NA
"Scotland",25,2007,4831,5148,2660,1167,68068,NA,NA
"Scotland",26,2007,4793,5063,2281,1105,68562,NA,NA
"Scotland",27,2007,4571,4676,2133,1020,67100,NA,NA
"Scotland",28,2007,4422,4445,1810,913,63718,NA,NA
"Scotland",29,2007,4078,4009,1517,826,59102,NA,NA
"Scotland",30,2007,3968,3932,1412,703,57699,NA,NA
"Scotland",31,2007,3957,3832,1151,623,61274,NA,NA
"Scotland",32,2007,3767,3622,1041,562,62057,NA,NA
"Scotland",33,2007,3633,3429,892,494,63178,NA,NA
"Scotland",34,2007,3500,3239,779,451,67392,NA,NA
"Scotland",35,2007,3413,3234,684,418,71895,NA,NA
"Scotland",36,2007,3244,3023,614,364,75466,NA,NA
"Scotland",37,2007,2966,2800,482,326,74749,NA,NA
"Scotland",38,2007,2836,2623,463,311,77973,NA,NA
"Scotland",39,2007,2699,2530,433,254,79718,NA,NA
"Scotland",40,2007,2554,2339,371,246,81013,NA,NA
"Scotland",41,2007,2336,2172,335,229,80261,NA,NA
"Scotland",42,2007,2272,2152,345,217,83085,NA,NA
"Scotland",43,2007,2125,1931,311,188,82530,NA,NA
"Scotland",44,2007,1989,1909,289,193,82251,NA,NA
"Scotland",45,2007,1941,1749,254,170,80760,NA,NA
"Scotland",46,2007,1718,1555,251,161,79045,NA,NA
"Scotland",47,2007,1641,1466,245,148,76632,NA,NA
"Scotland",48,2007,1666,1488,222,133,76259,NA,NA
"Scotland",49,2007,1560,1388,205,128,74358,NA,NA
"Scotland",50,2007,1535,1315,192,120,72731,NA,NA
"Scotland",51,2007,1456,1264,177,117,70855,NA,NA
"Scotland",52,2007,1358,1139,148,101,67970,NA,NA
"Scotland",53,2007,1279,1100,137,104,67343,NA,NA
"Scotland",54,2007,1210,1077,124,95,66152,NA,NA
"Scotland",55,2007,1209,1002,110,85,63986,NA,NA
"Scotland",56,2007,1154,978,111,82,65303,NA,NA
"Scotland",57,2007,1152,1001,112,79,65747,NA,NA
"Scotland",58,2007,1090,917,78,75,67869,NA,NA
"Scotland",59,2007,1087,930,92,82,70114,NA,NA
"Scotland",60,2007,1326,1075,81,76,76144,NA,NA
"Scotland",61,2007,967,793,79,65,58455,NA,NA
"Scotland",62,2007,823,683,66,57,55669,NA,NA
"Scotland",63,2007,791,712,56,63,57050,NA,NA
"Scotland",64,2007,758,617,59,46,55421,NA,NA
"Scotland",65,2007,734,589,48,47,51391,NA,NA
"Scotland",66,2007,564,527,44,46,48144,NA,NA
"Scotland",67,2007,548,461,41,35,49484,NA,NA
"Scotland",68,2007,527,473,28,32,48777,NA,NA
"Scotland",69,2007,460,422,50,33,47790,NA,NA
"Scotland",70,2007,412,380,35,27,46001,NA,NA
"Scotland",71,2007,388,340,29,28,44769,NA,NA
"Scotland",72,2007,352,335,31,27,43222,NA,NA
"Scotland",73,2007,333,308,19,24,40841,NA,NA
"Scotland",74,2007,318,288,15,21,39038,NA,NA
"Scotland",75,2007,297,282,21,22,38763,NA,NA
"Scotland",76,2007,293,278,17,18,36719,NA,NA
"Scotland",77,2007,290,281,16,21,34584,NA,NA
"Scotland",78,2007,302,268,13,15,32399,NA,NA
"Scotland",79,2007,296,268,11,15,29143,NA,NA
"Scotland",80,2007,274,263,11,15,27614,NA,NA
"Scotland",81,2007,265,253,4,15,26341,NA,NA
"Scotland",82,2007,283,252,8,13,23586,NA,NA
"Scotland",83,2007,265,255,8,11,21746,NA,NA
"Scotland",84,2007,264,239,7,7,18964,NA,NA
"Scotland",85,2007,244,254,10,14,17896,NA,NA
"Scotland",86,2007,252,240,6,10,17248,NA,NA
"Scotland",87,2007,284,262,4,10,15828,NA,NA
"Scotland",88,2007,147,153,0,5,9372,NA,NA
"Scotland",89,2007,156,144,4,2,7578,NA,NA
"Scotland",90,2007,696,651,10,21,28767,NA,NA
"Scotland",0,2008,1435,1193,540,256,59549,NA,NA
"Scotland",1,2008,3086,2719,685,425,57262,NA,NA
"Scotland",2,2008,2567,2370,588,393,55644,NA,NA
"Scotland",3,2008,2286,2167,563,372,55251,NA,NA
"Scotland",4,2008,2004,1872,516,333,54378,NA,NA
"Scotland",5,2008,1669,1576,437,282,52681,NA,NA
"Scotland",6,2008,1450,1330,382,250,52406,NA,NA
"Scotland",7,2008,1536,1393,321,224,54117,NA,NA
"Scotland",8,2008,1344,1297,309,223,55377,NA,NA
"Scotland",9,2008,1434,1330,294,208,57637,NA,NA
"Scotland",10,2008,1396,1341,319,220,58835,NA,NA
"Scotland",11,2008,1390,1299,311,207,60807,NA,NA
"Scotland",12,2008,1299,1246,262,194,60379,NA,NA
"Scotland",13,2008,1323,1186,288,181,61049,NA,NA
"Scotland",14,2008,1336,1283,305,206,62712,NA,NA
"Scotland",15,2008,1284,1216,281,161,63559,NA,NA
"Scotland",16,2008,1504,1435,338,213,65426,NA,NA
"Scotland",17,2008,2824,2660,381,237,65209,NA,NA
"Scotland",18,2008,4976,4615,775,372,65772,NA,NA
"Scotland",19,2008,6718,4911,1414,516,69157,NA,NA
"Scotland",20,2008,4931,4026,1824,631,71905,NA,NA
"Scotland",21,2008,4385,4085,2352,842,69138,NA,NA
"Scotland",22,2008,4931,4953,2475,1116,69720,NA,NA
"Scotland",23,2008,5081,5633,2821,1533,69285,NA,NA
"Scotland",24,2008,4997,5633,2727,1576,66662,NA,NA
"Scotland",25,2008,4963,5122,2660,1580,67667,NA,NA
"Scotland",26,2008,4925,5020,2303,1530,68498,NA,NA
"Scotland",27,2008,4983,5109,2037,1505,68771,NA,NA
"Scotland",28,2008,4702,4681,1781,1341,67250,NA,NA
"Scotland",29,2008,4468,4279,1549,1183,64313,NA,NA
"Scotland",30,2008,4000,3796,1387,994,59856,NA,NA
"Scotland",31,2008,3842,3652,1196,903,58383,NA,NA
"Scotland",32,2008,3699,3479,1001,797,61909,NA,NA
"Scotland",33,2008,3406,3284,902,719,62536,NA,NA
"Scotland",34,2008,3354,3102,809,617,63837,NA,NA
"Scotland",35,2008,3381,3111,691,590,67986,NA,NA
"Scotland",36,2008,3196,2956,624,535,72483,NA,NA
"Scotland",37,2008,3037,2855,566,499,75837,NA,NA
"Scotland",38,2008,2706,2421,501,412,75216,NA,NA
"Scotland",39,2008,2607,2419,425,416,78352,NA,NA
"Scotland",40,2008,2547,2303,402,371,80043,NA,NA
"Scotland",41,2008,2357,2197,357,347,81115,NA,NA
"Scotland",42,2008,2270,1997,336,300,80588,NA,NA
"Scotland",43,2008,2163,1940,302,281,83320,NA,NA
"Scotland",44,2008,1977,1766,278,273,82702,NA,NA
"Scotland",45,2008,1925,1723,269,253,82429,NA,NA
"Scotland",46,2008,1777,1625,248,238,80783,NA,NA
"Scotland",47,2008,1716,1554,259,231,79079,NA,NA
"Scotland",48,2008,1579,1382,242,189,76659,NA,NA
"Scotland",49,2008,1582,1395,207,204,76245,NA,NA
"Scotland",50,2008,1490,1281,227,181,74344,NA,NA
"Scotland",51,2008,1434,1290,170,172,72632,NA,NA
"Scotland",52,2008,1314,1179,174,188,70699,NA,NA
"Scotland",53,2008,1221,1068,154,150,67859,NA,NA
"Scotland",54,2008,1217,1039,161,144,67192,NA,NA
"Scotland",55,2008,1210,1058,122,143,65977,NA,NA
"Scotland",56,2008,1193,1045,142,146,63808,NA,NA
"Scotland",57,2008,1086,951,109,123,65037,NA,NA
"Scotland",58,2008,1033,913,95,124,65350,NA,NA
"Scotland",59,2008,1081,899,83,113,67508,NA,NA
"Scotland",60,2008,1119,958,91,113,69720,NA,NA
"Scotland",61,2008,1240,1050,76,113,75721,NA,NA
"Scotland",62,2008,895,769,73,98,57978,NA,NA
"Scotland",63,2008,771,640,62,70,55177,NA,NA
"Scotland",64,2008,748,663,59,80,56378,NA,NA
"Scotland",65,2008,738,649,52,79,54788,NA,NA
"Scotland",66,2008,574,503,49,60,50680,NA,NA
"Scotland",67,2008,506,431,40,55,47382,NA,NA
"Scotland",68,2008,507,431,44,53,48688,NA,NA
"Scotland",69,2008,425,394,33,51,47865,NA,NA
"Scotland",70,2008,433,398,38,49,46780,NA,NA
"Scotland",71,2008,386,346,36,42,44946,NA,NA
"Scotland",72,2008,332,343,30,48,43626,NA,NA
"Scotland",73,2008,335,300,24,35,42010,NA,NA
"Scotland",74,2008,336,296,30,34,39534,NA,NA
"Scotland",75,2008,337,298,13,28,37643,NA,NA
"Scotland",76,2008,295,265,16,30,37234,NA,NA
"Scotland",77,2008,291,273,17,27,35204,NA,NA
"Scotland",78,2008,284,261,18,30,32814,NA,NA
"Scotland",79,2008,273,260,14,24,30652,NA,NA
"Scotland",80,2008,271,230,19,20,27511,NA,NA
"Scotland",81,2008,266,250,11,18,25814,NA,NA
"Scotland",82,2008,268,242,14,24,24440,NA,NA
"Scotland",83,2008,250,233,12,23,21635,NA,NA
"Scotland",84,2008,223,196,8,16,19816,NA,NA
"Scotland",85,2008,244,229,11,19,17090,NA,NA
"Scotland",86,2008,255,238,6,17,16000,NA,NA
"Scotland",87,2008,253,228,3,19,15270,NA,NA
"Scotland",88,2008,228,211,5,12,13795,NA,NA
"Scotland",89,2008,119,114,3,10,8054,NA,NA
"Scotland",90,2008,667,628,16,40,28475,NA,NA
"Scotland",0,2009,1338,1156,580,233,59655,NA,NA
"Scotland",1,2009,2551,2452,695,358,59544,NA,NA
"Scotland",2,2009,2334,2252,574,327,57217,NA,NA
"Scotland",3,2009,2075,2029,500,287,55716,NA,NA
"Scotland",4,2009,1878,1832,482,272,55388,NA,NA
"Scotland",5,2009,1511,1473,371,232,54398,NA,NA
"Scotland",6,2009,1301,1262,327,199,52714,NA,NA
"Scotland",7,2009,1248,1240,289,180,52490,NA,NA
"Scotland",8,2009,1222,1192,296,181,54314,NA,NA
"Scotland",9,2009,1183,1149,279,167,55667,NA,NA
"Scotland",10,2009,1268,1218,295,169,57898,NA,NA
"Scotland",11,2009,1217,1137,261,151,59150,NA,NA
"Scotland",12,2009,1192,1187,223,143,61043,NA,NA
"Scotland",13,2009,1159,1086,281,149,60752,NA,NA
"Scotland",14,2009,1141,1121,257,150,61303,NA,NA
"Scotland",15,2009,1178,1151,288,137,62996,NA,NA
"Scotland",16,2009,1360,1291,354,166,64083,NA,NA
"Scotland",17,2009,2873,2805,406,219,68434,NA,NA
"Scotland",18,2009,5100,4683,908,310,69015,NA,NA
"Scotland",19,2009,6206,4942,1644,434,67821,NA,NA
"Scotland",20,2009,4602,4004,1989,539,68476,NA,NA
"Scotland",21,2009,4326,4164,2350,742,70925,NA,NA
"Scotland",22,2009,4900,4995,2594,969,70055,NA,NA
"Scotland",23,2009,5123,5745,2790,1232,70048,NA,NA
"Scotland",24,2009,4993,5651,2689,1298,69251,NA,NA
"Scotland",25,2009,4550,5040,2599,1309,66911,NA,NA
"Scotland",26,2009,4525,4872,2276,1266,67919,NA,NA
"Scotland",27,2009,4348,4705,2057,1207,68793,NA,NA
"Scotland",28,2009,4348,4461,1831,1052,69012,NA,NA
"Scotland",29,2009,4145,4209,1547,983,67410,NA,NA
"Scotland",30,2009,3837,3800,1426,831,64923,NA,NA
"Scotland",31,2009,3423,3420,1164,744,60323,NA,NA
"Scotland",32,2009,3050,3140,1011,672,58736,NA,NA
"Scotland",33,2009,3084,3042,889,579,62371,NA,NA
"Scotland",34,2009,2973,2831,754,504,63101,NA,NA
"Scotland",35,2009,2771,2672,718,474,64326,NA,NA
"Scotland",36,2009,2695,2596,552,421,68416,NA,NA
"Scotland",37,2009,2537,2422,541,405,72911,NA,NA
"Scotland",38,2009,2419,2304,488,346,76222,NA,NA
"Scotland",39,2009,2347,2142,431,314,75608,NA,NA
"Scotland",40,2009,2055,1971,398,300,78529,NA,NA
"Scotland",41,2009,2060,1919,315,282,80214,NA,NA
"Scotland",42,2009,1927,1860,296,258,81121,NA,NA
"Scotland",43,2009,1805,1718,319,225,80682,NA,NA
"Scotland",44,2009,1761,1645,278,214,83433,NA,NA
"Scotland",45,2009,1738,1624,261,212,82753,NA,NA
"Scotland",46,2009,1617,1499,253,195,82468,NA,NA
"Scotland",47,2009,1516,1402,212,183,80834,NA,NA
"Scotland",48,2009,1491,1426,245,181,79004,NA,NA
"Scotland",49,2009,1362,1266,214,157,76516,NA,NA
"Scotland",50,2009,1332,1227,205,161,76155,NA,NA
"Scotland",51,2009,1259,1149,182,147,74256,NA,NA
"Scotland",52,2009,1228,1120,158,142,72497,NA,NA
"Scotland",53,2009,1085,1029,169,131,70535,NA,NA
"Scotland",54,2009,1024,915,152,114,67664,NA,NA
"Scotland",55,2009,948,872,124,109,66970,NA,NA
"Scotland",56,2009,934,819,138,111,65786,NA,NA
"Scotland",57,2009,886,812,104,95,63596,NA,NA
"Scotland",58,2009,853,797,100,105,64655,NA,NA
"Scotland",59,2009,850,749,85,90,65033,NA,NA
"Scotland",60,2009,860,753,76,85,67069,NA,NA
"Scotland",61,2009,821,775,79,83,69158,NA,NA
"Scotland",62,2009,891,821,59,86,75138,NA,NA
"Scotland",63,2009,594,537,59,62,57389,NA,NA
"Scotland",64,2009,570,508,57,54,54553,NA,NA
"Scotland",65,2009,577,517,53,57,55723,NA,NA
"Scotland",66,2009,495,450,53,50,54023,NA,NA
"Scotland",67,2009,410,388,45,47,49924,NA,NA
"Scotland",68,2009,402,361,40,41,46607,NA,NA
"Scotland",69,2009,349,344,39,42,47727,NA,NA
"Scotland",70,2009,347,326,31,38,46840,NA,NA
"Scotland",71,2009,313,287,38,32,45818,NA,NA
"Scotland",72,2009,281,292,26,30,43804,NA,NA
"Scotland",73,2009,251,243,27,32,42453,NA,NA
"Scotland",74,2009,235,229,19,22,40745,NA,NA
"Scotland",75,2009,236,233,29,24,38203,NA,NA
"Scotland",76,2009,213,220,16,25,36198,NA,NA
"Scotland",77,2009,275,262,16,28,35697,NA,NA
"Scotland",78,2009,240,225,16,18,33597,NA,NA
"Scotland",79,2009,226,212,14,19,31083,NA,NA
"Scotland",80,2009,216,205,12,15,28859,NA,NA
"Scotland",81,2009,216,223,6,20,25702,NA,NA
"Scotland",82,2009,226,211,7,18,24027,NA,NA
"Scotland",83,2009,227,228,9,13,22503,NA,NA
"Scotland",84,2009,236,222,7,10,19744,NA,NA
"Scotland",85,2009,207,202,8,14,17916,NA,NA
"Scotland",86,2009,219,208,9,10,15306,NA,NA
"Scotland",87,2009,229,213,6,11,14121,NA,NA
"Scotland",88,2009,218,190,8,11,13390,NA,NA
"Scotland",89,2009,189,177,7,8,11876,NA,NA
"Scotland",90,2009,697,652,15,32,28671,NA,NA
"Scotland",0,2010,1334,1165,643,231,59335,NA,NA
"Scotland",1,2010,2682,2662,720,377,59474,NA,NA
"Scotland",2,2010,2345,2379,571,319,59344,NA,NA
"Scotland",3,2010,2055,2069,502,285,57046,NA,NA
"Scotland",4,2010,1765,1777,454,260,55700,NA,NA
"Scotland",5,2010,1491,1504,404,225,55429,NA,NA
"Scotland",6,2010,1255,1244,360,201,54400,NA,NA
"Scotland",7,2010,1145,1140,301,169,52713,NA,NA
"Scotland",8,2010,1120,1142,290,170,52561,NA,NA
"Scotland",9,2010,1100,1095,266,156,54494,NA,NA
"Scotland",10,2010,1029,1057,286,164,55911,NA,NA
"Scotland",11,2010,1122,1106,269,155,58135,NA,NA
"Scotland",12,2010,1072,1117,234,151,59303,NA,NA
"Scotland",13,2010,1072,1075,263,147,61321,NA,NA
"Scotland",14,2010,1082,1086,254,141,61031,NA,NA
"Scotland",15,2010,1071,1067,311,149,61601,NA,NA
"Scotland",16,2010,1346,1362,324,161,63274,NA,NA
"Scotland",17,2010,2899,2835,399,203,64418,NA,NA
"Scotland",18,2010,5326,4716,977,303,70007,NA,NA
"Scotland",19,2010,6478,4731,1979,436,72530,NA,NA
"Scotland",20,2010,4399,3717,2411,542,70360,NA,NA
"Scotland",21,2010,4168,3924,2793,800,70370,NA,NA
"Scotland",22,2010,4691,4778,3064,1049,72373,NA,NA
"Scotland",23,2010,4855,5561,3252,1323,70572,NA,NA
"Scotland",24,2010,4687,5437,2904,1393,70041,NA,NA
"Scotland",25,2010,4461,4801,2680,1357,69505,NA,NA
"Scotland",26,2010,4236,4512,2323,1221,67040,NA,NA
"Scotland",27,2010,4180,4398,2090,1128,68277,NA,NA
"Scotland",28,2010,4059,4227,1815,1020,69056,NA,NA
"Scotland",29,2010,4041,4149,1525,944,69015,NA,NA
"Scotland",30,2010,3776,3897,1390,820,67533,NA,NA
"Scotland",31,2010,3503,3569,1139,712,65249,NA,NA
"Scotland",32,2010,3006,3108,973,635,60601,NA,NA
"Scotland",33,2010,2914,2819,898,530,59247,NA,NA
"Scotland",34,2010,2872,2843,751,471,62902,NA,NA
"Scotland",35,2010,2573,2568,667,447,63487,NA,NA
"Scotland",36,2010,2511,2524,567,425,64711,NA,NA
"Scotland",37,2010,2320,2260,539,358,68824,NA,NA
"Scotland",38,2010,2344,2215,440,330,73388,NA,NA
"Scotland",39,2010,2354,2272,403,315,76512,NA,NA
"Scotland",40,2010,2051,2011,390,275,75765,NA,NA
"Scotland",41,2010,2049,1942,365,267,78687,NA,NA
"Scotland",42,2010,1838,1779,313,251,80333,NA,NA
"Scotland",43,2010,1800,1671,283,221,81220,NA,NA
"Scotland",44,2010,1681,1600,255,209,80737,NA,NA
"Scotland",45,2010,1697,1620,244,202,83508,NA,NA
"Scotland",46,2010,1613,1498,231,186,82741,NA,NA
"Scotland",47,2010,1503,1453,193,176,82507,NA,NA
"Scotland",48,2010,1450,1396,195,168,80776,NA,NA
"Scotland",49,2010,1382,1296,186,148,78924,NA,NA
"Scotland",50,2010,1316,1231,199,145,76371,NA,NA
"Scotland",51,2010,1193,1111,174,134,76062,NA,NA
"Scotland",52,2010,1197,1040,174,126,74126,NA,NA
"Scotland",53,2010,1128,1054,128,130,72300,NA,NA
"Scotland",54,2010,983,953,122,133,70249,NA,NA
"Scotland",55,2010,1022,986,120,114,67347,NA,NA
"Scotland",56,2010,954,867,106,100,66727,NA,NA
"Scotland",57,2010,963,870,98,93,65527,NA,NA
"Scotland",58,2010,889,838,104,89,63312,NA,NA
"Scotland",59,2010,932,840,93,91,64355,NA,NA
"Scotland",60,2010,941,822,71,89,64646,NA,NA
"Scotland",61,2010,871,778,91,84,66608,NA,NA
"Scotland",62,2010,837,713,61,67,68677,NA,NA
"Scotland",63,2010,922,786,78,86,74586,NA,NA
"Scotland",64,2010,601,571,66,68,56797,NA,NA
"Scotland",65,2010,625,559,72,64,53912,NA,NA
"Scotland",66,2010,573,544,55,62,54992,NA,NA
"Scotland",67,2010,483,450,49,50,53229,NA,NA
"Scotland",68,2010,418,407,45,42,49129,NA,NA
"Scotland",69,2010,377,369,49,43,45724,NA,NA
"Scotland",70,2010,378,361,33,40,46767,NA,NA
"Scotland",71,2010,339,353,37,40,45813,NA,NA
"Scotland",72,2010,298,294,23,32,44701,NA,NA
"Scotland",73,2010,298,289,30,31,42597,NA,NA
"Scotland",74,2010,266,246,21,24,41216,NA,NA
"Scotland",75,2010,269,252,24,25,39459,NA,NA
"Scotland",76,2010,248,249,24,27,36823,NA,NA
"Scotland",77,2010,261,251,22,21,34723,NA,NA
"Scotland",78,2010,260,247,23,25,34157,NA,NA
"Scotland",79,2010,219,229,20,20,31938,NA,NA
"Scotland",80,2010,257,264,15,24,29244,NA,NA
"Scotland",81,2010,250,245,10,21,27067,NA,NA
"Scotland",82,2010,229,216,7,19,23987,NA,NA
"Scotland",83,2010,227,204,10,11,22249,NA,NA
"Scotland",84,2010,226,219,10,16,20590,NA,NA
"Scotland",85,2010,240,221,11,15,17943,NA,NA
"Scotland",86,2010,204,198,6,12,16043,NA,NA
"Scotland",87,2010,212,189,6,11,13591,NA,NA
"Scotland",88,2010,199,200,6,12,12402,NA,NA
"Scotland",89,2010,186,182,5,11,11623,NA,NA
"Scotland",90,2010,704,651,16,27,32303,NA,NA
"Scotland",0,2011,1350,1164,559,153,60365,NA,NA
"Scotland",1,2011,2625,2579,660,238,57682,NA,NA
"Scotland",2,2011,2506,2453,560,221,59379,NA,NA
"Scotland",3,2011,2106,2116,499,199,59234,NA,NA
"Scotland",4,2011,1966,1958,450,189,56926,NA,NA
"Scotland",5,2011,1595,1569,385,156,55769,NA,NA
"Scotland",6,2011,1271,1324,331,137,55429,NA,NA
"Scotland",7,2011,1230,1247,306,134,54406,NA,NA
"Scotland",8,2011,1152,1172,246,108,52686,NA,NA
"Scotland",9,2011,1114,1157,242,114,52610,NA,NA
"Scotland",10,2011,1094,1107,251,110,54673,NA,NA
"Scotland",11,2011,1053,1116,249,116,56125,NA,NA
"Scotland",12,2011,1057,1089,239,100,58327,NA,NA
"Scotland",13,2011,1012,1053,257,101,59523,NA,NA
"Scotland",14,2011,1114,1117,250,106,61618,NA,NA
"Scotland",15,2011,953,964,271,96,61351,NA,NA
"Scotland",16,2011,1170,1190,341,118,61972,NA,NA
"Scotland",17,2011,2889,2726,488,161,63983,NA,NA
"Scotland",18,2011,5484,4533,1145,201,66503,NA,NA
"Scotland",19,2011,5717,4730,1810,325,73022,NA,NA
"Scotland",20,2011,4414,3924,2272,432,75298,NA,NA
"Scotland",21,2011,4240,3971,2543,546,72740,NA,NA
"Scotland",22,2011,4500,4561,3053,723,72567,NA,NA
"Scotland",23,2011,4904,5572,3119,900,73748,NA,NA
"Scotland",24,2011,4589,5268,2723,975,71227,NA,NA
"Scotland",25,2011,4514,4919,2425,959,70658,NA,NA
"Scotland",26,2011,4353,4671,2152,847,69901,NA,NA
"Scotland",27,2011,4143,4338,1860,753,67576,NA,NA
"Scotland",28,2011,4056,4271,1591,703,68651,NA,NA
"Scotland",29,2011,3903,4018,1392,608,69563,NA,NA
"Scotland",30,2011,3711,3893,1213,540,69237,NA,NA
"Scotland",31,2011,3671,3673,1051,482,67851,NA,NA
"Scotland",32,2011,3380,3421,862,424,65690,NA,NA
"Scotland",33,2011,2888,2841,759,355,61116,NA,NA
"Scotland",34,2011,2726,2678,687,315,59892,NA,NA
"Scotland",35,2011,2655,2514,594,278,63532,NA,NA
"Scotland",36,2011,2495,2433,554,268,64101,NA,NA
"Scotland",37,2011,2377,2303,506,247,65333,NA,NA
"Scotland",38,2011,2345,2324,421,236,69274,NA,NA
"Scotland",39,2011,2156,2145,380,216,73861,NA,NA
"Scotland",40,2011,2092,2098,390,208,76830,NA,NA
"Scotland",41,2011,1944,1883,342,186,76006,NA,NA
"Scotland",42,2011,1862,1807,270,177,78902,NA,NA
"Scotland",43,2011,1792,1718,267,163,80567,NA,NA
"Scotland",44,2011,1794,1684,232,145,81359,NA,NA
"Scotland",45,2011,1670,1573,191,135,80824,NA,NA
"Scotland",46,2011,1571,1453,210,126,83684,NA,NA
"Scotland",47,2011,1511,1450,200,120,82822,NA,NA
"Scotland",48,2011,1476,1401,181,116,82600,NA,NA
"Scotland",49,2011,1452,1346,161,105,80839,NA,NA
"Scotland",50,2011,1363,1228,156,95,78927,NA,NA
"Scotland",51,2011,1321,1179,154,90,76317,NA,NA
"Scotland",52,2011,1192,1117,146,92,75902,NA,NA
"Scotland",53,2011,1155,1058,120,88,74011,NA,NA
"Scotland",54,2011,1101,998,116,78,72160,NA,NA
"Scotland",55,2011,1073,992,108,71,70059,NA,NA
"Scotland",56,2011,961,886,108,73,67109,NA,NA
"Scotland",57,2011,979,880,88,64,66477,NA,NA
"Scotland",58,2011,886,837,94,69,65258,NA,NA
"Scotland",59,2011,846,782,80,63,63021,NA,NA
"Scotland",60,2011,865,779,75,60,64020,NA,NA
"Scotland",61,2011,896,813,67,56,64169,NA,NA
"Scotland",62,2011,796,730,74,49,66134,NA,NA
"Scotland",63,2011,836,741,59,50,68143,NA,NA
"Scotland",64,2011,881,769,65,56,73997,NA,NA
"Scotland",65,2011,691,641,56,48,56210,NA,NA
"Scotland",66,2011,565,518,49,42,53253,NA,NA
"Scotland",67,2011,554,511,46,37,54249,NA,NA
"Scotland",68,2011,444,447,50,35,52419,NA,NA
"Scotland",69,2011,414,386,35,28,48282,NA,NA
"Scotland",70,2011,378,362,36,27,44833,NA,NA
"Scotland",71,2011,369,330,33,23,45742,NA,NA
"Scotland",72,2011,307,311,28,24,44742,NA,NA
"Scotland",73,2011,297,283,31,21,43605,NA,NA
"Scotland",74,2011,293,282,27,18,41445,NA,NA
"Scotland",75,2011,249,253,20,18,39876,NA,NA
"Scotland",76,2011,252,249,17,15,38103,NA,NA
"Scotland",77,2011,257,241,12,10,35407,NA,NA
"Scotland",78,2011,232,215,17,10,33215,NA,NA
"Scotland",79,2011,255,251,11,13,32543,NA,NA
"Scotland",80,2011,254,241,7,13,30248,NA,NA
"Scotland",81,2011,245,233,14,11,27468,NA,NA
"Scotland",82,2011,192,180,3,9,25190,NA,NA
"Scotland",83,2011,214,224,7,10,22178,NA,NA
"Scotland",84,2011,241,242,9,9,20312,NA,NA
"Scotland",85,2011,236,239,7,10,18642,NA,NA
"Scotland",86,2011,227,202,8,5,16140,NA,NA
"Scotland",87,2011,229,215,6,6,14326,NA,NA
"Scotland",88,2011,205,206,9,6,11959,NA,NA
"Scotland",89,2011,192,176,3,5,10808,NA,NA
"Scotland",90,2011,803,737,9,22,35169,NA,NA
"Scotland",0,2012,1412,1183,432,220,58691,NA,NA
"Scotland",1,2012,2782,2674,511,362,60584,NA,NA
"Scotland",2,2012,2484,2463,447,340,57795,NA,NA
"Scotland",3,2012,2256,2232,398,313,59491,NA,NA
"Scotland",4,2012,2057,2059,365,282,59310,NA,NA
"Scotland",5,2012,1675,1668,320,250,57001,NA,NA
"Scotland",6,2012,1410,1375,263,201,55865,NA,NA
"Scotland",7,2012,1262,1292,244,191,55462,NA,NA
"Scotland",8,2012,1204,1206,217,176,54456,NA,NA
"Scotland",9,2012,1142,1129,207,156,52757,NA,NA
"Scotland",10,2012,1110,1129,201,159,52644,NA,NA
"Scotland",11,2012,1095,1044,189,134,54785,NA,NA
"Scotland",12,2012,1044,1051,193,144,56171,NA,NA
"Scotland",13,2012,1070,1067,193,140,58383,NA,NA
"Scotland",14,2012,1067,1046,216,144,59614,NA,NA
"Scotland",15,2012,1016,1032,199,136,61662,NA,NA
"Scotland",16,2012,1136,1110,239,155,61491,NA,NA
"Scotland",17,2012,2912,2783,396,237,62302,NA,NA
"Scotland",18,2012,5427,4586,1011,297,65582,NA,NA
"Scotland",19,2012,5587,4624,1689,470,68746,NA,NA
"Scotland",20,2012,4484,4005,1846,673,74592,NA,NA
"Scotland",21,2012,4405,4194,1985,944,76355,NA,NA
"Scotland",22,2012,4891,4958,2491,1131,73780,NA,NA
"Scotland",23,2012,5030,5718,2527,1377,72767,NA,NA
"Scotland",24,2012,4898,5772,2131,1607,73145,NA,NA
"Scotland",25,2012,4714,5162,1867,1504,70873,NA,NA
"Scotland",26,2012,4633,4962,1618,1311,70325,NA,NA
"Scotland",27,2012,4322,4564,1493,1130,69865,NA,NA
"Scotland",28,2012,4232,4354,1274,1021,67452,NA,NA
"Scotland",29,2012,4110,4192,1145,947,68535,NA,NA
"Scotland",30,2012,4030,4046,984,801,69548,NA,NA
"Scotland",31,2012,3956,3936,867,757,69154,NA,NA
"Scotland",32,2012,3653,3643,793,659,67790,NA,NA
"Scotland",33,2012,3396,3400,640,594,65500,NA,NA
"Scotland",34,2012,2923,2901,530,520,60970,NA,NA
"Scotland",35,2012,2731,2683,506,455,59829,NA,NA
"Scotland",36,2012,2659,2529,422,395,63567,NA,NA
"Scotland",37,2012,2516,2388,412,371,64137,NA,NA
"Scotland",38,2012,2270,2251,355,341,65254,NA,NA
"Scotland",39,2012,2180,2118,323,318,69221,NA,NA
"Scotland",40,2012,2114,2033,307,304,73715,NA,NA
"Scotland",41,2012,2119,1987,253,276,76706,NA,NA
"Scotland",42,2012,1945,1869,233,271,75841,NA,NA
"Scotland",43,2012,1918,1832,227,243,78767,NA,NA
"Scotland",44,2012,1736,1585,203,216,80431,NA,NA
"Scotland",45,2012,1737,1663,174,221,81158,NA,NA
"Scotland",46,2012,1631,1557,159,202,80586,NA,NA
"Scotland",47,2012,1650,1516,142,182,83540,NA,NA
"Scotland",48,2012,1586,1497,142,180,82628,NA,NA
"Scotland",49,2012,1488,1368,141,157,82393,NA,NA
"Scotland",50,2012,1448,1384,115,159,80551,NA,NA
"Scotland",51,2012,1410,1249,119,144,78793,NA,NA
"Scotland",52,2012,1276,1194,113,133,76030,NA,NA
"Scotland",53,2012,1260,1161,116,137,75666,NA,NA
"Scotland",54,2012,1147,1089,114,130,73667,NA,NA
"Scotland",55,2012,1138,1059,99,125,71823,NA,NA
"Scotland",56,2012,1019,927,90,113,69691,NA,NA
"Scotland",57,2012,996,892,87,105,66800,NA,NA
"Scotland",58,2012,966,848,82,100,66103,NA,NA
"Scotland",59,2012,1002,898,71,98,64871,NA,NA
"Scotland",60,2012,938,823,80,92,62658,NA,NA
"Scotland",61,2012,865,803,64,92,63459,NA,NA
"Scotland",62,2012,835,798,63,97,63593,NA,NA
"Scotland",63,2012,815,773,52,86,65484,NA,NA
"Scotland",64,2012,853,779,58,89,67444,NA,NA
"Scotland",65,2012,910,877,50,92,73157,NA,NA
"Scotland",66,2012,588,571,43,80,55449,NA,NA
"Scotland",67,2012,545,555,31,71,52393,NA,NA
"Scotland",68,2012,514,511,33,57,53329,NA,NA
"Scotland",69,2012,435,454,36,59,51404,NA,NA
"Scotland",70,2012,387,404,22,46,47286,NA,NA
"Scotland",71,2012,338,347,28,49,43856,NA,NA
"Scotland",72,2012,369,366,20,40,44587,NA,NA
"Scotland",73,2012,304,307,27,42,43517,NA,NA
"Scotland",74,2012,297,288,19,27,42287,NA,NA
"Scotland",75,2012,277,295,15,34,40055,NA,NA
"Scotland",76,2012,312,291,12,23,38532,NA,NA
"Scotland",77,2012,252,254,10,25,36522,NA,NA
"Scotland",78,2012,254,240,11,19,33884,NA,NA
"Scotland",79,2012,239,259,10,25,31618,NA,NA
"Scotland",80,2012,260,240,9,14,30886,NA,NA
"Scotland",81,2012,231,229,5,20,28443,NA,NA
"Scotland",82,2012,245,253,16,20,25618,NA,NA
"Scotland",83,2012,235,236,5,14,23314,NA,NA
"Scotland",84,2012,246,258,9,22,20372,NA,NA
"Scotland",85,2012,240,226,7,12,18505,NA,NA
"Scotland",86,2012,243,239,3,14,16740,NA,NA
"Scotland",87,2012,234,232,2,16,14323,NA,NA
"Scotland",88,2012,179,189,2,11,12464,NA,NA
"Scotland",89,2012,169,177,4,12,10305,NA,NA
"Scotland",90,2012,1028,955,28,41,36905,NA,NA
"Scotland",0,2013,1366,1080,320,207,57058,NA,NA
"Scotland",1,2013,2849,2679,416,361,58898,NA,NA
"Scotland",2,2013,2659,2517,382,343,60762,NA,NA
"Scotland",3,2013,2368,2215,338,306,57980,NA,NA
"Scotland",4,2013,2044,1996,347,301,59583,NA,NA
"Scotland",5,2013,1816,1707,256,239,59457,NA,NA
"Scotland",6,2013,1497,1433,234,227,57086,NA,NA
"Scotland",7,2013,1344,1240,204,188,56002,NA,NA
"Scotland",8,2013,1265,1186,174,172,55553,NA,NA
"Scotland",9,2013,1150,1118,177,174,54506,NA,NA
"Scotland",10,2013,1167,1051,155,149,52884,NA,NA
"Scotland",11,2013,1062,1018,153,149,52706,NA,NA
"Scotland",12,2013,1049,997,150,143,54857,NA,NA
"Scotland",13,2013,1026,966,156,144,56241,NA,NA
"Scotland",14,2013,1013,989,174,151,58432,NA,NA
"Scotland",15,2013,976,946,181,143,59674,NA,NA
"Scotland",16,2013,1154,1055,208,145,61823,NA,NA
"Scotland",17,2013,2888,2625,370,244,61892,NA,NA
"Scotland",18,2013,5881,4578,878,287,64275,NA,NA
"Scotland",19,2013,5912,4465,1209,467,67930,NA,NA
"Scotland",20,2013,4373,3875,1360,701,70057,NA,NA
"Scotland",21,2013,4537,4126,1570,859,75757,NA,NA
"Scotland",22,2013,5199,5197,1851,1121,77128,NA,NA
"Scotland",23,2013,5296,5826,1788,1432,73666,NA,NA
"Scotland",24,2013,5088,5588,1554,1539,72339,NA,NA
"Scotland",25,2013,5094,5306,1411,1433,72969,NA,NA
"Scotland",26,2013,4752,4958,1231,1268,70669,NA,NA
"Scotland",27,2013,4695,4773,1079,1108,70317,NA,NA
"Scotland",28,2013,4486,4448,993,991,69911,NA,NA
"Scotland",29,2013,4196,4220,883,876,67468,NA,NA
"Scotland",30,2013,4242,4171,808,797,68639,NA,NA
"Scotland",31,2013,4075,3961,667,726,69592,NA,NA
"Scotland",32,2013,3689,3638,618,659,69168,NA,NA
"Scotland",33,2013,3590,3540,553,580,67777,NA,NA
"Scotland",34,2013,3247,3242,478,548,65398,NA,NA
"Scotland",35,2013,2873,2754,429,466,61018,NA,NA
"Scotland",36,2013,2660,2529,384,403,59974,NA,NA
"Scotland",37,2013,2549,2478,347,385,63634,NA,NA
"Scotland",38,2013,2376,2294,303,355,64228,NA,NA
"Scotland",39,2013,2298,2227,267,332,65325,NA,NA
"Scotland",40,2013,2261,2130,242,303,69295,NA,NA
"Scotland",41,2013,2171,2040,217,283,73738,NA,NA
"Scotland",42,2013,1978,1913,185,259,76636,NA,NA
"Scotland",43,2013,1913,1766,169,233,75877,NA,NA
"Scotland",44,2013,1889,1815,167,227,78693,NA,NA
"Scotland",45,2013,1864,1740,157,229,80364,NA,NA
"Scotland",46,2013,1758,1645,146,215,81019,NA,NA
"Scotland",47,2013,1577,1448,115,184,80517,NA,NA
"Scotland",48,2013,1683,1544,125,172,83462,NA,NA
"Scotland",49,2013,1589,1503,102,187,82452,NA,NA
"Scotland",50,2013,1664,1518,105,171,82215,NA,NA
"Scotland",51,2013,1603,1459,92,149,80383,NA,NA
"Scotland",52,2013,1446,1330,97,151,78537,NA,NA
"Scotland",53,2013,1374,1214,100,130,75921,NA,NA
"Scotland",54,2013,1348,1218,88,133,75395,NA,NA
"Scotland",55,2013,1249,1133,83,141,73359,NA,NA
"Scotland",56,2013,1183,1016,77,117,71568,NA,NA
"Scotland",57,2013,1146,1015,73,109,69359,NA,NA
"Scotland",58,2013,951,841,66,102,66474,NA,NA
"Scotland",59,2013,988,932,53,111,65614,NA,NA
"Scotland",60,2013,942,834,59,94,64453,NA,NA
"Scotland",61,2013,923,840,52,90,62186,NA,NA
"Scotland",62,2013,862,807,51,92,62924,NA,NA
"Scotland",63,2013,873,772,51,78,63031,NA,NA
"Scotland",64,2013,853,815,42,90,64733,NA,NA
"Scotland",65,2013,844,748,47,88,66695,NA,NA
"Scotland",66,2013,837,798,42,87,72142,NA,NA
"Scotland",67,2013,616,586,30,67,54591,NA,NA
"Scotland",68,2013,552,530,26,71,51504,NA,NA
"Scotland",69,2013,513,499,28,59,52404,NA,NA
"Scotland",70,2013,460,455,24,51,50408,NA,NA
"Scotland",71,2013,360,359,17,36,46195,NA,NA
"Scotland",72,2013,329,339,23,42,42711,NA,NA
"Scotland",73,2013,366,356,21,39,43358,NA,NA
"Scotland",74,2013,291,299,23,37,42228,NA,NA
"Scotland",75,2013,318,333,17,40,40874,NA,NA
"Scotland",76,2013,327,325,13,32,38583,NA,NA
"Scotland",77,2013,330,309,17,28,36997,NA,NA
"Scotland",78,2013,285,296,14,23,34899,NA,NA
"Scotland",79,2013,256,249,12,22,32220,NA,NA
"Scotland",80,2013,268,290,12,25,29817,NA,NA
"Scotland",81,2013,267,265,11,21,28971,NA,NA
"Scotland",82,2013,269,281,8,23,26479,NA,NA
"Scotland",83,2013,255,248,9,21,23759,NA,NA
"Scotland",84,2013,260,264,7,20,21300,NA,NA
"Scotland",85,2013,219,225,6,18,18377,NA,NA
"Scotland",86,2013,240,228,4,13,16625,NA,NA
"Scotland",87,2013,211,200,7,14,14788,NA,NA
"Scotland",88,2013,226,210,2,8,12480,NA,NA
"Scotland",89,2013,175,165,4,8,10772,NA,NA
"Scotland",90,2013,882,826,6,38,37685,NA,NA
